Time(hh:mm:ss)	Temperature(°C)	1	2	3	4	5	6	7	8	9	10	11	12		
0:00	37.00	0.307	0.3125	0.3426	0.3407	0.3462	0.3659	0.3606	0.3479	0.3444	0.3415	0.3431	0.0545		
		0.3205	0.3089	0.3328	0.3407	0.3331	0.3488	0.3445	0.3472	0.3363	0.362	0.361	0.054		
		0.323	0.3401	0.3634	0.3498	0.3476	0.3635	0.3287	0.3513	0.3663	0.043	0.0549	0.0529		
		0.3111	0.3155	0.3152	0.3305	0.3193	0.3661	0.3506	0.3452	0.3436	0.351	0.0532	0.0537		
		0.3009	0.3391	0.3242	0.3414	0.3341	0.359	0.3556	0.3406	0.3627	0.6788	0.0535	0.0536		
		0.3031	0.3233	0.3398	0.309	0.3228	0.3582	0.3879	0.3532	0.3778	1.0259	0.055	0.053		
		0.3206	0.3123	0.3045	0.3478	0.3431	0.3531	0.3633	0.3398	0.3546	1.3228	0.0531	0.0525		
		0.3099	0.309	0.3019	0.3306	0.3167	0.3486	0.345	0.3284	0.3564	1.5727	0.053	0.0549		
		
1:00	37.00	0.3506	0.3511	0.3685	0.3596	0.3734	0.3801	0.3743	0.369	0.3641	0.3528	0.3518	0.0545		
		0.3735	0.339	0.3656	0.3607	0.3296	0.3592	0.3576	0.3564	0.3556	0.3721	0.3672	0.054		
		0.373	0.3632	0.3804	0.3767	0.3578	0.3735	0.3505	0.3725	0.3752	0.0427	0.0551	0.0529		
		0.3444	0.3532	0.3453	0.3543	0.346	0.3803	0.3772	0.3679	0.3607	0.3499	0.0531	0.0537		
		0.3496	0.3739	0.3596	0.3685	0.3606	0.3792	0.3722	0.3591	0.3697	0.6782	0.0535	0.0536		
		0.3494	0.3529	0.3682	0.3495	0.353	0.3729	0.4139	0.3724	0.3845	1.0147	0.0551	0.0529		
		0.3514	0.3477	0.3378	0.369	0.3751	0.3618	0.3887	0.3574	0.3688	1.3205	0.0531	0.0525		
		0.3655	0.3495	0.3264	0.3518	0.3473	0.3677	0.3602	0.3541	0.3639	1.5725	0.0529	0.0548		
		
2:00	37.00	0.3672	0.3612	0.3782	0.3718	0.3844	0.3908	0.377	0.3799	0.3786	0.3589	0.3576	0.0544		
		0.3965	0.3577	0.3807	0.3709	0.3396	0.3697	0.3693	0.358	0.3651	0.3814	0.371	0.0538		
		0.3876	0.3765	0.3906	0.387	0.3627	0.376	0.364	0.3836	0.384	0.0427	0.0552	0.0529		
		0.3704	0.3652	0.3566	0.3714	0.3613	0.3839	0.3858	0.3758	0.3673	0.3494	0.0532	0.0536		
		0.3738	0.3927	0.3741	0.3845	0.3801	0.3884	0.3855	0.3673	0.3776	0.6771	0.0534	0.0534		
		0.3697	0.363	0.3885	0.3613	0.3705	0.3815	0.4369	0.3788	0.3884	1.0135	0.055	0.053		
		0.3707	0.3648	0.3573	0.3811	0.3876	0.3706	0.4099	0.3679	0.3786	1.3198	0.0531	0.0523		
		0.3855	0.3723	0.3403	0.3623	0.3627	0.377	0.3737	0.3626	0.3748	1.5721	0.0528	0.0548		
		
3:00	37.00	0.3791	0.3744	0.3841	0.377	0.3891	0.3958	0.3883	0.3897	0.3783	0.3647	0.3657	0.0543		
		0.409	0.3672	0.3879	0.379	0.3469	0.3733	0.378	0.3619	0.3694	0.385	0.3748	0.0538		
		0.3989	0.3815	0.401	0.3962	0.3687	0.3849	0.3737	0.3918	0.387	0.0426	0.0553	0.0528		
		0.3836	0.3764	0.3589	0.383	0.3728	0.3903	0.3873	0.3843	0.3737	0.3492	0.0532	0.0536		
		0.3862	0.4052	0.3818	0.3967	0.3921	0.3916	0.3914	0.3798	0.3835	0.6765	0.0534	0.0534		
		0.3839	0.3733	0.3932	0.3748	0.3835	0.3878	0.4594	0.3847	0.3947	1.0124	0.0551	0.053		
		0.3767	0.3754	0.3701	0.3883	0.3983	0.377	0.4244	0.3754	0.3844	1.3177	0.0531	0.0525		
		0.4014	0.3879	0.3498	0.3684	0.3737	0.3831	0.3783	0.3729	0.3732	1.5702	0.0528	0.0547		
		
4:00	37.00	0.3903	0.3817	0.384	0.3807	0.3953	0.394	0.3957	0.3944	0.3787	0.3696	0.3681	0.0543		
		0.4148	0.3776	0.3936	0.3857	0.3504	0.3751	0.3844	0.3637	0.3722	0.3889	0.3771	0.0539		
		0.4075	0.3867	0.4076	0.4002	0.3719	0.3894	0.3805	0.3965	0.3898	0.0427	0.0546	0.0528		
		0.3893	0.3828	0.3673	0.3896	0.3797	0.3912	0.389	0.387	0.3757	0.3485	0.0531	0.0536		
		0.3927	0.4123	0.3862	0.4013	0.3989	0.3913	0.3947	0.3879	0.3886	0.6754	0.0534	0.0534		
		0.3928	0.3833	0.4028	0.383	0.3946	0.3915	0.4808	0.3906	0.3953	1.0117	0.0551	0.0529		
		0.3853	0.3809	0.3737	0.396	0.4085	0.3812	0.4373	0.3801	0.387	1.3172	0.0531	0.0524		
		0.4078	0.4003	0.3545	0.3719	0.3809	0.3832	0.3817	0.3796	0.3799	1.5703	0.0528	0.0547		
		
5:00	37.00	0.3897	0.3844	0.3864	0.3859	0.3986	0.3926	0.3943	0.3984	0.384	0.3744	0.3694	0.0544		
		0.4226	0.3801	0.3966	0.3881	0.3536	0.3744	0.3849	0.3667	0.3755	0.3928	0.3803	0.0539		
		0.4107	0.3946	0.4139	0.4066	0.3684	0.3941	0.3859	0.3993	0.39	0.043	0.0552	0.0527		
		0.3982	0.3869	0.3707	0.3948	0.3832	0.3925	0.3938	0.3903	0.3729	0.3482	0.0531	0.0536		
		0.3949	0.419	0.392	0.4014	0.4018	0.3912	0.3987	0.3922	0.3925	0.6742	0.0534	0.0534		
		0.3955	0.3868	0.4016	0.3813	0.402	0.3944	0.5014	0.3896	0.3981	1.0101	0.0551	0.0529		
		0.3833	0.3826	0.3742	0.4027	0.4139	0.3857	0.4475	0.3823	0.3901	1.3158	0.0531	0.0524		
		0.4146	0.4117	0.3582	0.3799	0.3854	0.3848	0.3778	0.3833	0.3853	1.5696	0.0529	0.0548		
		
6:00	37.00	0.3937	0.3848	0.3875	0.3902	0.402	0.3896	0.3929	0.4003	0.3835	0.3764	0.3664	0.0543		
		0.4254	0.3842	0.3978	0.3895	0.3525	0.3739	0.3865	0.3684	0.3799	0.3947	0.3822	0.0539		
		0.4099	0.3935	0.4137	0.4094	0.3678	0.393	0.3894	0.4041	0.3893	0.043	0.0551	0.0528		
		0.4013	0.3878	0.3709	0.3987	0.3858	0.3907	0.3996	0.3931	0.3737	0.3476	0.0531	0.0535		
		0.3969	0.4198	0.3939	0.4065	0.4082	0.394	0.3989	0.3909	0.3947	0.6729	0.0533	0.0534		
		0.3935	0.385	0.403	0.3875	0.408	0.3939	0.522	0.3901	0.3995	1.0091	0.055	0.0529		
		0.3846	0.3843	0.3803	0.4052	0.4185	0.3881	0.4538	0.3832	0.3926	1.3143	0.0531	0.0523		
		0.4185	0.418	0.3582	0.3806	0.3886	0.3877	0.3799	0.3865	0.3886	1.5684	0.0528	0.0546		
		
7:00	37.00	0.394	0.382	0.3899	0.394	0.3996	0.3876	0.3907	0.4001	0.3818	0.3782	0.3652	0.0544		
		0.426	0.3823	0.3988	0.3913	0.3506	0.3729	0.3852	0.3675	0.382	0.3949	0.3832	0.0539		
		0.4153	0.3924	0.4135	0.4099	0.3662	0.3952	0.3903	0.4055	0.3871	0.0428	0.0546	0.0528		
		0.4033	0.3871	0.3732	0.4011	0.3848	0.3891	0.3884	0.3941	0.3727	0.3472	0.0531	0.0536		
		0.3991	0.4218	0.395	0.4093	0.412	0.3926	0.3978	0.4005	0.3982	0.6723	0.0534	0.0534		
		0.398	0.3854	0.3991	0.3894	0.4119	0.3951	0.5427	0.3873	0.4009	1.0079	0.0549	0.0529		
		0.3828	0.3838	0.38	0.4077	0.4198	0.3897	0.4631	0.3827	0.3923	1.3134	0.0531	0.0525		
		0.4255	0.427	0.3563	0.3808	0.3899	0.3885	0.3811	0.3864	0.3871	1.5667	0.0527	0.0547		
		
8:00	37.00	0.3994	0.3816	0.3882	0.3953	0.3971	0.3882	0.3921	0.4004	0.3752	0.3787	0.3649	0.0543		
		0.4257	0.3807	0.3977	0.3909	0.3527	0.3685	0.3816	0.3669	0.3831	0.3941	0.3818	0.0539		
		0.4145	0.3952	0.4097	0.4129	0.3629	0.3975	0.3921	0.4055	0.387	0.0428	0.0547	0.0528		
		0.4067	0.3836	0.3693	0.4022	0.3846	0.3846	0.3887	0.392	0.37	0.3469	0.0531	0.0536		
		0.4004	0.4237	0.3941	0.4108	0.4138	0.3901	0.3961	0.398	0.401	0.6712	0.0534	0.0534		
		0.3968	0.3892	0.3975	0.3947	0.4196	0.3981	0.5643	0.3914	0.3995	1.0067	0.055	0.0529		
		0.3839	0.3887	0.3841	0.4099	0.4228	0.3912	0.4725	0.3836	0.3915	1.3107	0.0532	0.0524		
		0.4317	0.4337	0.3554	0.3751	0.3916	0.3869	0.3737	0.386	0.3869	1.5645	0.0527	0.0547		
		
9:00	37.00	0.3995	0.3849	0.384	0.3951	0.3956	0.3867	0.3918	0.4012	0.371	0.376	0.3638	0.0543		
		0.4231	0.3806	0.3982	0.3886	0.3515	0.3666	0.379	0.3676	0.3841	0.3961	0.3809	0.0538		
		0.4136	0.3966	0.4087	0.4126	0.357	0.3908	0.3921	0.4067	0.387	0.0429	0.0555	0.0527		
		0.4093	0.3783	0.3656	0.4036	0.383	0.3776	0.3888	0.3928	0.3635	0.3461	0.0531	0.0535		
		0.4002	0.4282	0.3942	0.4147	0.4206	0.3885	0.3949	0.4034	0.4035	0.6703	0.0533	0.0534		
		0.3975	0.387	0.3979	0.3912	0.4282	0.3996	0.5807	0.3931	0.3954	1.005	0.055	0.053		
		0.3848	0.3883	0.3789	0.4108	0.4259	0.3923	0.4831	0.3841	0.3908	1.309	0.053	0.0524		
		0.4356	0.4417	0.3525	0.3714	0.3905	0.3827	0.3753	0.3835	0.3864	1.5634	0.0529	0.0547		
		
10:00	37.00	0.403	0.3841	0.3779	0.3946	0.3923	0.3847	0.3887	0.3995	0.368	0.3741	0.3619	0.0543		
		0.4205	0.3766	0.3956	0.3845	0.3538	0.3643	0.3748	0.366	0.3848	0.3977	0.3806	0.0538		
		0.414	0.3978	0.4065	0.4063	0.354	0.3961	0.391	0.406	0.3839	0.0429	0.0549	0.0527		
		0.4101	0.3802	0.3646	0.4013	0.3814	0.3699	0.3907	0.3937	0.3589	0.3459	0.0531	0.0535		
		0.3961	0.4286	0.3924	0.4152	0.4225	0.3827	0.3921	0.404	0.4045	0.6689	0.0533	0.0534		
		0.3972	0.3854	0.3934	0.3895	0.4269	0.4	0.6015	0.395	0.3932	1.0036	0.055	0.0529		
		0.3826	0.3868	0.3775	0.4106	0.4256	0.3923	0.4927	0.3833	0.3908	1.3092	0.053	0.0524		
		0.4384	0.4486	0.3513	0.3743	0.3865	0.3781	0.37	0.3835	0.3838	1.5632	0.0527	0.0547		
		
11:00	37.00	0.408	0.3775	0.3727	0.3957	0.3847	0.3745	0.3839	0.3987	0.3621	0.3719	0.3629	0.0543		
		0.4169	0.3791	0.3895	0.381	0.3557	0.3593	0.3729	0.3619	0.3845	0.3953	0.3788	0.0538		
		0.4144	0.3978	0.4009	0.4007	0.3554	0.3977	0.3895	0.4047	0.3789	0.0429	0.0552	0.0528		
		0.4105	0.3777	0.3675	0.3999	0.3764	0.3648	0.3846	0.3923	0.3567	0.3453	0.0531	0.0535		
		0.3936	0.4296	0.3906	0.4169	0.426	0.3786	0.3916	0.402	0.4062	0.6679	0.0533	0.0534		
		0.3975	0.3844	0.3889	0.3897	0.4218	0.3986	0.6161	0.3926	0.3888	1.0022	0.055	0.0529		
		0.3798	0.3813	0.3778	0.4107	0.4267	0.3904	0.5023	0.3853	0.3898	1.3082	0.0531	0.0525		
		0.4424	0.4528	0.3535	0.3734	0.3868	0.3773	0.364	0.3825	0.3833	1.5624	0.0527	0.0546		
		
12:00	37.00	0.4048	0.3768	0.3697	0.3961	0.3836	0.3737	0.3804	0.3997	0.3586	0.3703	0.3617	0.0543		
		0.4123	0.3776	0.385	0.3762	0.3588	0.3575	0.3694	0.3656	0.3837	0.3958	0.3765	0.0537		
		0.4085	0.3959	0.4031	0.4013	0.3522	0.3934	0.3878	0.4048	0.376	0.0429	0.0551	0.0528		
		0.4106	0.3766	0.3634	0.3972	0.374	0.3602	0.3817	0.3933	0.3547	0.345	0.0531	0.0535		
		0.3924	0.4283	0.3899	0.4191	0.428	0.3751	0.3879	0.4147	0.4069	0.6662	0.0533	0.0534		
		0.3952	0.3817	0.3876	0.3829	0.4287	0.398	0.6332	0.3855	0.3853	1.0011	0.0551	0.0529		
		0.3756	0.3855	0.3755	0.4096	0.4279	0.3893	0.5129	0.3846	0.3885	1.3052	0.053	0.0524		
		0.4459	0.46	0.3519	0.374	0.3858	0.378	0.3595	0.377	0.3805	1.5598	0.0528	0.0547		
		
13:00	36.90	0.4118	0.3699	0.363	0.3952	0.3792	0.3709	0.3819	0.3947	0.3499	0.3706	0.3631	0.0542		
		0.4088	0.3772	0.3789	0.3724	0.3602	0.352	0.361	0.3611	0.3814	0.385	0.3798	0.0539		
		0.4061	0.3968	0.4036	0.3983	0.3523	0.3925	0.3869	0.4039	0.369	0.0431	0.0554	0.0527		
		0.4131	0.3697	0.3636	0.3943	0.368	0.3555	0.3824	0.3912	0.353	0.3446	0.0531	0.0535		
		0.3915	0.4274	0.3902	0.4176	0.4318	0.3671	0.3847	0.4098	0.4055	0.6639	0.0534	0.0534		
		0.3912	0.3824	0.381	0.3838	0.4329	0.3973	0.6502	0.3839	0.3832	0.9992	0.055	0.0529		
		0.3738	0.3858	0.3778	0.4078	0.4287	0.3881	0.5243	0.3854	0.3854	1.3044	0.0531	0.0523		
		0.4488	0.4648	0.3504	0.3698	0.3851	0.3783	0.3578	0.3756	0.3792	1.559	0.0528	0.0547		
		
14:00	37.00	0.404	0.3694	0.3595	0.3951	0.3738	0.3687	0.3802	0.3893	0.344	0.3758	0.3629	0.0543		
		0.4037	0.3754	0.377	0.3697	0.3613	0.3484	0.3501	0.3547	0.3808	0.3912	0.3761	0.0539		
		0.4044	0.3997	0.4059	0.395	0.3513	0.3906	0.3824	0.3955	0.3623	0.0433	0.0555	0.0528		
		0.4152	0.3676	0.3602	0.3913	0.3644	0.3508	0.3839	0.3871	0.3503	0.3453	0.0531	0.0535		
		0.3879	0.4313	0.3937	0.4072	0.4331	0.3595	0.3828	0.4119	0.3987	0.6631	0.0533	0.0534		
		0.3879	0.3824	0.3747	0.3843	0.4373	0.398	0.6635	0.3841	0.38	0.9962	0.055	0.053		
		0.3694	0.3829	0.3775	0.4015	0.4285	0.3871	0.5368	0.3851	0.3797	1.3036	0.053	0.0524		
		0.4507	0.4727	0.3495	0.3703	0.3833	0.3795	0.3598	0.3743	0.3771	1.557	0.0528	0.0548		
		
15:00	36.90	0.4031	0.3705	0.3607	0.3929	0.3678	0.3683	0.3793	0.389	0.3404	0.3758	0.36	0.0542		
		0.4021	0.3725	0.3757	0.3717	0.3612	0.3459	0.3384	0.3553	0.3791	0.398	0.3725	0.0537		
		0.4021	0.4021	0.4077	0.3936	0.3484	0.3883	0.3804	0.4018	0.3542	0.0432	0.0555	0.0527		
		0.4204	0.3646	0.3596	0.3864	0.3633	0.3514	0.3784	0.3864	0.3429	0.345	0.0531	0.0534		
		0.3837	0.4233	0.3929	0.4015	0.4327	0.3567	0.3784	0.4146	0.4043	0.6633	0.0534	0.0533		
		0.3847	0.379	0.3744	0.3791	0.4325	0.3985	0.6761	0.3876	0.3788	0.9965	0.0551	0.053		
		0.3667	0.3854	0.3739	0.4066	0.4317	0.3844	0.5512	0.3854	0.3767	1.3041	0.053	0.0523		
		0.4527	0.4801	0.3448	0.3689	0.3804	0.3809	0.3623	0.3706	0.3734	1.5569	0.0529	0.0547		
		
16:00	37.00	0.4059	0.3677	0.3581	0.3911	0.3724	0.3651	0.3779	0.3821	0.3362	0.3753	0.3582	0.0543		
		0.3947	0.3734	0.3724	0.3732	0.3627	0.3439	0.334	0.3513	0.3759	0.4003	0.3707	0.0537		
		0.405	0.4031	0.397	0.3911	0.3482	0.3869	0.3804	0.3941	0.348	0.0431	0.0552	0.0527		
		0.4186	0.3636	0.3591	0.3821	0.3615	0.3557	0.3778	0.3856	0.341	0.3449	0.0531	0.0535		
		0.3801	0.4288	0.3951	0.402	0.4367	0.3571	0.3779	0.4148	0.4036	0.663	0.0534	0.0534		
		0.383	0.3752	0.3761	0.3763	0.4408	0.4	0.6888	0.3831	0.3805	0.9959	0.055	0.0529		
		0.3687	0.3875	0.3718	0.4066	0.4354	0.382	0.5643	0.3786	0.3684	1.3027	0.053	0.0524		
		0.454	0.4876	0.345	0.3749	0.3758	0.3822	0.3607	0.3691	0.3706	1.5556	0.0528	0.0546		
		
17:00	36.90	0.4041	0.3614	0.3537	0.3863	0.3735	0.3629	0.376	0.3715	0.3337	0.3825	0.3564	0.0542		
		0.391	0.3732	0.3657	0.3725	0.3625	0.3417	0.3325	0.3509	0.3739	0.3955	0.3672	0.0538		
		0.4057	0.4028	0.4073	0.3851	0.348	0.3821	0.3826	0.3923	0.3441	0.0432	0.0554	0.0528		
		0.4228	0.3588	0.3543	0.3814	0.3592	0.3523	0.3799	0.3828	0.3377	0.3445	0.0531	0.0536		
		0.3802	0.4262	0.3931	0.4008	0.4393	0.3541	0.3776	0.4179	0.4055	0.6629	0.0533	0.0533		
		0.3814	0.3771	0.3731	0.3727	0.4385	0.3988	0.7045	0.3825	0.3786	0.9938	0.055	0.0529		
		0.3643	0.3892	0.369	0.4008	0.4351	0.3835	0.5782	0.379	0.3742	1.3027	0.0531	0.0524		
		0.4585	0.4976	0.3456	0.3711	0.3735	0.3835	0.3596	0.366	0.3704	1.5552	0.0529	0.0548		
		
18:00	37.00	0.4097	0.3592	0.3542	0.382	0.3736	0.3645	0.3755	0.3807	0.3375	0.3875	0.3566	0.0543		
		0.3926	0.3707	0.3628	0.3746	0.3686	0.3374	0.3316	0.3549	0.377	0.3851	0.3668	0.0538		
		0.4055	0.4046	0.4062	0.3849	0.3472	0.388	0.3834	0.3922	0.3451	0.0434	0.0557	0.0527		
		0.4267	0.3622	0.3574	0.3787	0.3578	0.349	0.3798	0.3803	0.3392	0.3442	0.0531	0.0535		
		0.3795	0.4271	0.3931	0.402	0.4462	0.3562	0.3772	0.4178	0.4052	0.6626	0.0533	0.0533		
		0.381	0.3725	0.3707	0.375	0.4456	0.3984	0.7201	0.3803	0.3766	0.9925	0.055	0.053		
		0.3664	0.3923	0.3707	0.4026	0.4376	0.3781	0.5909	0.3831	0.3724	1.301	0.053	0.0524		
		0.4623	0.5067	0.3422	0.3678	0.3719	0.3869	0.3598	0.3617	0.3701	1.5552	0.0528	0.0547		
		
19:00	37.00	0.4084	0.3591	0.352	0.3789	0.3789	0.362	0.3819	0.3749	0.3315	0.3911	0.359	0.0542		
		0.3878	0.3707	0.3647	0.375	0.3688	0.3407	0.3291	0.3545	0.3813	0.3875	0.3653	0.0537		
		0.4023	0.406	0.4058	0.3916	0.3477	0.3909	0.3807	0.3854	0.3442	0.0433	0.0556	0.0526		
		0.4263	0.3753	0.3533	0.381	0.3571	0.3523	0.3763	0.3787	0.3416	0.3441	0.0531	0.0534		
		0.3788	0.4308	0.3942	0.4017	0.4489	0.3551	0.3803	0.4244	0.4003	0.6623	0.0533	0.0534		
		0.3816	0.372	0.3716	0.37	0.45	0.3979	0.7415	0.3736	0.3777	0.9925	0.0551	0.053		
		0.3614	0.3955	0.3721	0.4035	0.441	0.3773	0.6059	0.3785	0.3663	1.3012	0.053	0.0524		
		0.4653	0.5146	0.3407	0.3701	0.3718	0.3923	0.3586	0.3644	0.3697	1.5539	0.0527	0.0547		
		
20:00	37.00	0.4091	0.3536	0.351	0.377	0.3776	0.3575	0.3808	0.3743	0.3328	0.3964	0.3604	0.0542		
		0.3809	0.3724	0.3642	0.373	0.3721	0.3356	0.3327	0.3569	0.384	0.3922	0.3652	0.0538		
		0.3998	0.4059	0.4032	0.3887	0.3472	0.3876	0.3792	0.3859	0.3434	0.0433	0.0551	0.0528		
		0.4242	0.3578	0.351	0.3802	0.3542	0.3495	0.3764	0.3775	0.3397	0.344	0.0531	0.0535		
		0.3759	0.4292	0.3939	0.4005	0.4563	0.3539	0.3826	0.4235	0.4001	0.6615	0.0534	0.0534		
		0.3787	0.3657	0.3676	0.3712	0.4568	0.3992	0.7605	0.3736	0.3772	0.9921	0.0551	0.0529		
		0.3625	0.3957	0.3741	0.4004	0.4408	0.3795	0.6195	0.3805	0.363	1.2997	0.0531	0.0524		
		0.4674	0.5203	0.339	0.3661	0.3715	0.3911	0.3541	0.3632	0.364	1.5542	0.0528	0.0547		
		
21:00	37.00	0.4071	0.3538	0.3548	0.3854	0.3772	0.3552	0.3787	0.3712	0.3295	0.4012	0.3635	0.0541		
		0.3804	0.3715	0.3664	0.3742	0.3747	0.3337	0.3306	0.3569	0.3839	0.3856	0.3701	0.0537		
		0.4017	0.4063	0.4039	0.3877	0.3478	0.3891	0.3749	0.3768	0.345	0.0434	0.0554	0.0526		
		0.4271	0.3547	0.3477	0.3818	0.352	0.3468	0.3763	0.3812	0.3392	0.3438	0.0531	0.0534		
		0.3763	0.4315	0.3928	0.3992	0.4606	0.349	0.3829	0.4279	0.3969	0.6612	0.0533	0.0533		
		0.3727	0.3616	0.3671	0.3677	0.4523	0.3988	0.782	0.377	0.3768	0.9916	0.055	0.0529		
		0.3596	0.3966	0.3748	0.3986	0.4435	0.379	0.633	0.3776	0.3631	1.3001	0.0531	0.0524		
		0.4701	0.5318	0.3436	0.3654	0.3676	0.3946	0.3569	0.3606	0.366	1.5561	0.0527	0.0546		
		
22:00	37.00	0.4107	0.3517	0.3484	0.3875	0.379	0.356	0.3802	0.3693	0.3304	0.4051	0.3659	0.0543		
		0.379	0.3689	0.3644	0.3762	0.3748	0.3339	0.3263	0.3581	0.3834	0.3864	0.3719	0.0537		
		0.4022	0.405	0.4019	0.3861	0.348	0.3905	0.3675	0.3783	0.347	0.0434	0.0553	0.0527		
		0.4288	0.3531	0.3459	0.383	0.3496	0.3472	0.3755	0.3822	0.3395	0.3438	0.0531	0.0535		
		0.3752	0.431	0.3926	0.4018	0.4624	0.3459	0.383	0.4247	0.4003	0.6603	0.0533	0.0533		
		0.3705	0.3557	0.3651	0.3622	0.4576	0.3992	0.8006	0.3705	0.3792	0.9905	0.055	0.0529		
		0.3583	0.3972	0.3745	0.3978	0.4457	0.379	0.6478	0.3759	0.3615	1.3011	0.0531	0.0524		
		0.472	0.5385	0.3452	0.3662	0.3651	0.3977	0.3555	0.3592	0.3673	1.5517	0.0527	0.0547		
		
23:00	37.00	0.4094	0.3479	0.3464	0.3936	0.3785	0.3574	0.3828	0.3662	0.3312	0.409	0.3624	0.0543		
		0.3783	0.3692	0.3627	0.3777	0.3784	0.3334	0.3231	0.361	0.386	0.387	0.3733	0.0538		
		0.4007	0.4085	0.4064	0.3851	0.3476	0.3927	0.37	0.3747	0.3506	0.0435	0.0555	0.0527		
		0.4293	0.3539	0.3434	0.3843	0.35	0.3472	0.373	0.3834	0.341	0.3424	0.0531	0.0534		
		0.3718	0.4389	0.3947	0.4085	0.464	0.3483	0.3828	0.4332	0.4031	0.6603	0.0534	0.0534		
		0.3666	0.357	0.3642	0.3615	0.4624	0.3996	0.8206	0.3727	0.3785	0.9888	0.055	0.0528		
		0.3528	0.3993	0.3761	0.3948	0.4479	0.3763	0.6611	0.3771	0.3588	1.2973	0.0531	0.0525		
		0.4738	0.5473	0.3475	0.3673	0.363	0.4014	0.3558	0.3547	0.3681	1.55	0.0528	0.0547		
		
24:00	37.00	0.4085	0.3424	0.3433	0.3956	0.378	0.3515	0.3799	0.3654	0.3318	0.4125	0.3627	0.0543		
		0.3813	0.3649	0.3585	0.376	0.3793	0.3315	0.3214	0.3618	0.3842	0.3834	0.3744	0.0537		
		0.3986	0.4061	0.4107	0.385	0.3478	0.397	0.3634	0.3711	0.3507	0.0434	0.0557	0.0526		
		0.4285	0.3735	0.3404	0.3843	0.3477	0.3463	0.3728	0.3852	0.3378	0.3414	0.0531	0.0534		
		0.3694	0.4417	0.3932	0.4148	0.4708	0.3486	0.3825	0.4322	0.4004	0.6592	0.0533	0.0534		
		0.3661	0.3534	0.3619	0.3641	0.4608	0.3988	0.8405	0.3704	0.3781	0.9861	0.055	0.0529		
		0.3509	0.4031	0.3748	0.3934	0.4489	0.3754	0.6748	0.3766	0.3589	1.2951	0.053	0.0524		
		0.4772	0.5552	0.343	0.3654	0.362	0.4011	0.3547	0.3544	0.3671	1.5487	0.0527	0.0547		
		
25:00	37.00	0.4104	0.3411	0.34	0.3952	0.3773	0.3496	0.3793	0.3629	0.3346	0.416	0.359	0.0542		
		0.3772	0.3681	0.3576	0.3758	0.3825	0.3312	0.3228	0.3618	0.3852	0.3822	0.3784	0.0536		
		0.3936	0.4081	0.413	0.3848	0.3475	0.3967	0.3596	0.3744	0.3516	0.044	0.0557	0.0526		
		0.4264	0.3737	0.3378	0.3846	0.3478	0.3441	0.3741	0.3862	0.3426	0.3417	0.0531	0.0534		
		0.3653	0.4518	0.3934	0.4226	0.4705	0.3489	0.3844	0.4301	0.4045	0.6581	0.0533	0.0533		
		0.3619	0.353	0.3603	0.3589	0.4689	0.3964	0.8583	0.368	0.3802	0.9853	0.055	0.0529		
		0.3485	0.4069	0.3804	0.3953	0.4519	0.3729	0.6899	0.3764	0.3582	1.2965	0.053	0.0524		
		0.4777	0.5633	0.3411	0.3665	0.3611	0.405	0.3547	0.3519	0.3661	1.5494	0.0528	0.0547		
		
26:00	37.00	0.4088	0.3389	0.3374	0.3958	0.3761	0.3438	0.3812	0.3598	0.3347	0.4188	0.3608	0.0543		
		0.3791	0.3684	0.3551	0.3752	0.3819	0.3298	0.3255	0.36	0.3831	0.3807	0.3752	0.0537		
		0.3904	0.4072	0.4032	0.385	0.3502	0.3968	0.3639	0.3728	0.3533	0.0439	0.0556	0.0526		
		0.426	0.3732	0.3362	0.3839	0.3452	0.3457	0.3734	0.3846	0.343	0.3418	0.0531	0.0535		
		0.3616	0.4559	0.3917	0.4307	0.4746	0.348	0.3828	0.4381	0.4024	0.6575	0.0533	0.0534		
		0.3595	0.3505	0.3583	0.3556	0.4688	0.3941	0.875	0.3691	0.3793	0.986	0.055	0.0529		
		0.3456	0.4078	0.3796	0.3942	0.4527	0.3712	0.7067	0.3756	0.3533	1.2935	0.053	0.0523		
		0.4801	0.5718	0.3422	0.3633	0.3582	0.4074	0.3535	0.3493	0.363	1.5477	0.0528	0.0547		
		
27:00	37.00	0.4144	0.335	0.338	0.3955	0.3742	0.3416	0.383	0.3531	0.3367	0.4219	0.363	0.0543		
		0.3803	0.3737	0.3544	0.3775	0.3851	0.3298	0.3255	0.3616	0.3823	0.38	0.3728	0.0538		
		0.3892	0.4093	0.4039	0.3832	0.3507	0.3994	0.3616	0.3691	0.3529	0.0438	0.0555	0.0528		
		0.4271	0.3783	0.3362	0.3837	0.3463	0.3467	0.3673	0.3842	0.3438	0.3412	0.0531	0.0535		
		0.3593	0.4617	0.3958	0.4328	0.4772	0.3461	0.3829	0.4388	0.4025	0.658	0.0534	0.0534		
		0.3561	0.3533	0.3593	0.3556	0.4786	0.3941	0.8925	0.3664	0.3795	0.9843	0.055	0.0529		
		0.3435	0.4117	0.3816	0.392	0.4575	0.3701	0.7238	0.3747	0.3531	1.2935	0.053	0.0523		
		0.4817	0.5811	0.3445	0.3678	0.3535	0.4085	0.351	0.3494	0.3608	1.5473	0.0527	0.0547		
		
28:00	37.00	0.4128	0.3328	0.333	0.3984	0.3757	0.3408	0.3831	0.3562	0.3373	0.4236	0.3614	0.0542		
		0.3795	0.3676	0.3567	0.3744	0.388	0.3305	0.3291	0.3619	0.3811	0.3794	0.3725	0.0538		
		0.3896	0.4079	0.4073	0.3839	0.3509	0.4076	0.3588	0.3673	0.3522	0.044	0.0556	0.0526		
		0.4254	0.3528	0.3343	0.3834	0.345	0.3484	0.3655	0.3839	0.3446	0.3421	0.053	0.0534		
		0.3573	0.4645	0.3954	0.4347	0.4809	0.3513	0.3844	0.4496	0.4074	0.657	0.0533	0.0533		
		0.3525	0.346	0.3524	0.3545	0.4825	0.393	0.9098	0.3672	0.3799	0.9844	0.055	0.0529		
		0.3396	0.4123	0.3825	0.3931	0.4591	0.3684	0.735	0.3747	0.3434	1.2951	0.0529	0.0523		
		0.4834	0.5879	0.3432	0.3632	0.3533	0.4092	0.3499	0.3466	0.358	1.549	0.0528	0.0546		
		
29:00	37.00	0.4128	0.3303	0.3338	0.3982	0.3752	0.3392	0.3799	0.3524	0.3397	0.4275	0.3599	0.0543		
		0.3835	0.3747	0.3537	0.3727	0.3893	0.3299	0.3314	0.363	0.3774	0.3772	0.372	0.0537		
		0.3901	0.408	0.4026	0.3841	0.3492	0.4108	0.356	0.37	0.3529	0.044	0.0557	0.0527		
		0.4281	0.3718	0.3343	0.3815	0.3477	0.3504	0.3678	0.3847	0.3462	0.3415	0.0531	0.0534		
		0.3571	0.4688	0.3964	0.4364	0.4818	0.3549	0.3818	0.4449	0.4019	0.6551	0.0533	0.0533		
		0.3531	0.3469	0.3517	0.3523	0.4837	0.3917	0.9267	0.3625	0.3782	0.981	0.0549	0.0529		
		0.3432	0.4165	0.3847	0.3909	0.4608	0.3659	0.7503	0.3727	0.349	1.2931	0.053	0.0524		
		0.49	0.5976	0.3403	0.3618	0.3604	0.412	0.3457	0.3466	0.3513	1.5477	0.0527	0.0547		
		
30:00	37.00	0.4144	0.3302	0.3288	0.3934	0.3738	0.3381	0.3794	0.3517	0.3426	0.4332	0.3506	0.0542		
		0.3827	0.3765	0.3547	0.3694	0.3938	0.3291	0.3329	0.3583	0.3675	0.3782	0.3708	0.0537		
		0.3866	0.4072	0.4085	0.3851	0.3462	0.4143	0.3568	0.3654	0.3519	0.0443	0.0555	0.0527		
		0.4272	0.356	0.332	0.3828	0.3479	0.3501	0.3695	0.3827	0.3462	0.341	0.0531	0.0535		
		0.3531	0.4722	0.3976	0.4405	0.4845	0.3559	0.3818	0.4506	0.4058	0.6539	0.0533	0.0533		
		0.3483	0.3478	0.3505	0.3485	0.4884	0.3885	0.9414	0.363	0.3785	0.9801	0.055	0.0528		
		0.3405	0.4168	0.3857	0.3882	0.4617	0.3629	0.7649	0.3732	0.3468	1.2922	0.0531	0.0524		
		0.4904	0.6053	0.3375	0.3666	0.3654	0.4132	0.3453	0.3427	0.3437	1.5453	0.0528	0.0547		
		
31:00	37.00	0.4168	0.333	0.3184	0.392	0.3704	0.3325	0.3776	0.3512	0.3447	0.4374	0.3416	0.0542		
		0.3793	0.3789	0.3574	0.3695	0.3933	0.3297	0.3335	0.367	0.3632	0.3799	0.3694	0.0537		
		0.3875	0.4083	0.408	0.3819	0.3465	0.415	0.3537	0.3632	0.3537	0.0436	0.0555	0.0527		
		0.4269	0.365	0.334	0.3795	0.3505	0.3527	0.3704	0.3839	0.3481	0.3409	0.0531	0.0535		
		0.3536	0.4739	0.4023	0.4445	0.4886	0.3532	0.3793	0.4524	0.4051	0.6536	0.0533	0.0533		
		0.3492	0.3498	0.3497	0.345	0.4961	0.3853	0.9545	0.3604	0.3798	0.9797	0.0551	0.0529		
		0.3396	0.4186	0.39	0.3897	0.4669	0.3636	0.7756	0.3692	0.344	1.2925	0.053	0.0524		
		0.4935	0.6129	0.3347	0.3595	0.3596	0.4154	0.3453	0.3423	0.3569	1.5446	0.0528	0.0547		
		
32:00	37.00	0.4205	0.3294	0.3183	0.3839	0.3731	0.3269	0.376	0.3473	0.3457	0.4391	0.3318	0.0543		
		0.3756	0.3798	0.3577	0.3681	0.3965	0.3304	0.3343	0.3666	0.374	0.3772	0.3674	0.0538		
		0.3843	0.4061	0.4078	0.3784	0.3454	0.417	0.3523	0.3614	0.3528	0.0438	0.0556	0.0527		
		0.4269	0.3629	0.3357	0.38	0.35	0.3512	0.3683	0.385	0.3474	0.3408	0.0532	0.0535		
		0.3482	0.4768	0.4013	0.4463	0.4881	0.3516	0.3773	0.4555	0.4073	0.6538	0.0534	0.0534		
		0.3447	0.3466	0.3487	0.3475	0.497	0.3761	0.9684	0.3622	0.3761	0.9808	0.055	0.0529		
		0.3346	0.4169	0.3865	0.3854	0.4679	0.3631	0.79	0.3709	0.3401	1.2923	0.0531	0.0524		
		0.4939	0.6206	0.3341	0.357	0.3546	0.4167	0.3417	0.3409	0.3612	1.5443	0.0528	0.0546		
		
33:00	37.00	0.4202	0.33	0.3144	0.3879	0.3704	0.3259	0.377	0.3439	0.3457	0.4409	0.3287	0.0542		
		0.3731	0.3832	0.3561	0.3651	0.3983	0.3296	0.3345	0.3634	0.3712	0.375	0.363	0.0537		
		0.3829	0.4073	0.4105	0.3728	0.3458	0.4179	0.3514	0.3614	0.3519	0.0434	0.0555	0.0527		
		0.4279	0.3536	0.3348	0.374	0.355	0.3501	0.3649	0.384	0.3485	0.3404	0.0531	0.0535		
		0.3449	0.4786	0.4022	0.4494	0.4886	0.353	0.3753	0.4563	0.4066	0.6571	0.0534	0.0534		
		0.345	0.3439	0.3476	0.3445	0.5014	0.3615	0.9848	0.3596	0.3754	0.9812	0.055	0.0529		
		0.3347	0.418	0.3868	0.3855	0.4676	0.3624	0.7927	0.3703	0.3431	1.2915	0.053	0.0524		
		0.4973	0.6295	0.336	0.356	0.351	0.4195	0.34	0.3383	0.3625	1.5435	0.0527	0.0547		
		
34:00	37.00	0.4221	0.3313	0.312	0.388	0.3693	0.32	0.3804	0.3411	0.3455	0.4411	0.3364	0.0542		
		0.3706	0.3851	0.3582	0.3648	0.4009	0.3263	0.3334	0.3672	0.372	0.3761	0.3548	0.0537		
		0.3792	0.4054	0.4123	0.3702	0.3457	0.4188	0.3493	0.3602	0.352	0.0431	0.0556	0.0526		
		0.4284	0.3519	0.331	0.3731	0.3537	0.3545	0.3663	0.3832	0.3482	0.3402	0.0531	0.0534		
		0.3426	0.4803	0.4052	0.4477	0.4903	0.3555	0.3758	0.4629	0.4095	0.6556	0.0533	0.0534		
		0.3409	0.3449	0.3449	0.3441	0.5066	0.3579	0.9965	0.3606	0.3749	0.9804	0.055	0.0529		
		0.3315	0.4144	0.383	0.3855	0.4643	0.3605	0.8083	0.3709	0.3421	1.2919	0.053	0.0524		
		0.4999	0.6351	0.3301	0.3533	0.3469	0.4218	0.3388	0.3376	0.3604	1.5438	0.0528	0.0547		
		
35:00	36.90	0.4249	0.3265	0.3063	0.3861	0.3706	0.3209	0.3769	0.3404	0.3427	0.4439	0.3525	0.0542		
		0.3667	0.3852	0.3534	0.3595	0.3996	0.3237	0.3316	0.372	0.3754	0.375	0.3413	0.0537		
		0.3777	0.4011	0.4139	0.368	0.344	0.4194	0.3476	0.3582	0.354	0.0431	0.0557	0.0527		
		0.4271	0.349	0.3308	0.3739	0.3541	0.3522	0.3647	0.3802	0.3502	0.3395	0.0531	0.0534		
		0.343	0.4803	0.4049	0.4409	0.4888	0.3507	0.3749	0.4659	0.4109	0.6551	0.0533	0.0533		
		0.337	0.341	0.3444	0.3419	0.5112	0.3713	1.0056	0.3602	0.3769	0.9819	0.055	0.0529		
		0.3334	0.4131	0.3792	0.3866	0.4586	0.3586	0.8503	0.3728	0.3409	1.2918	0.053	0.0524		
		0.5011	0.6449	0.3298	0.3461	0.3472	0.4228	0.338	0.3376	0.3517	1.5431	0.0528	0.0546		
		
36:00	37.00	0.4209	0.3279	0.3039	0.3819	0.374	0.3247	0.3728	0.3387	0.3378	0.4412	0.3667	0.0544		
		0.365	0.3852	0.3561	0.3646	0.3958	0.323	0.3301	0.3735	0.3714	0.3725	0.3326	0.0537		
		0.3768	0.4009	0.4165	0.3678	0.3444	0.4221	0.3455	0.3558	0.3535	0.0432	0.0556	0.0527		
		0.4263	0.344	0.3279	0.3669	0.3544	0.3545	0.3652	0.3767	0.3469	0.3391	0.0531	0.0534		
		0.3433	0.4814	0.4088	0.438	0.4845	0.346	0.3705	0.4702	0.4091	0.6532	0.0534	0.0534		
		0.3372	0.3372	0.3436	0.3414	0.5166	0.388	1.0119	0.3582	0.3728	0.9811	0.055	0.053		
		0.3298	0.4053	0.3726	0.3858	0.4486	0.3572	0.8645	0.368	0.3409	1.2902	0.0531	0.0524		
		0.503	0.6499	0.3242	0.3427	0.3454	0.4249	0.3337	0.3354	0.3452	1.5417	0.0528	0.0547		
		
37:00	37.00	0.4135	0.3245	0.2997	0.379	0.377	0.3226	0.3711	0.337	0.3337	0.4386	0.3732	0.0542		
		0.3611	0.3828	0.3531	0.3642	0.3983	0.321	0.325	0.3708	0.371	0.3745	0.3178	0.0537		
		0.377	0.4014	0.4114	0.3622	0.3417	0.4203	0.3464	0.3538	0.3533	0.0429	0.0558	0.0527		
		0.4263	0.3442	0.3261	0.3639	0.3484	0.3576	0.3636	0.3732	0.3445	0.3392	0.0532	0.0535		
		0.3395	0.4803	0.4074	0.4349	0.4878	0.3369	0.3696	0.4726	0.4114	0.652	0.0533	0.0533		
		0.3344	0.3362	0.3409	0.3405	0.5219	0.3823	1.0228	0.3573	0.3676	0.9809	0.055	0.0529		
		0.3268	0.4074	0.3686	0.3845	0.4603	0.3559	0.8765	0.368	0.3399	1.2889	0.053	0.0523		
		0.5061	0.6584	0.3228	0.3374	0.3445	0.4273	0.3288	0.3351	0.3478	1.5433	0.0527	0.0546		
		
38:00	37.00	0.4134	0.3232	0.2977	0.3715	0.3809	0.3261	0.3694	0.3367	0.3303	0.4354	0.3729	0.0543		
		0.36	0.3848	0.3506	0.3576	0.4026	0.3139	0.3224	0.3744	0.3685	0.3741	0.3058	0.0537		
		0.3805	0.3975	0.4137	0.3564	0.3398	0.4267	0.3399	0.3542	0.348	0.0432	0.0559	0.0527		
		0.4274	0.3394	0.3261	0.3586	0.346	0.3589	0.3605	0.3686	0.3442	0.3388	0.0532	0.0534		
		0.339	0.4832	0.4045	0.4349	0.4867	0.336	0.3612	0.4749	0.4108	0.6517	0.0533	0.0533		
		0.3327	0.3372	0.3381	0.3383	0.525	0.3831	1.0281	0.3565	0.3639	0.9809	0.055	0.053		
		0.3308	0.4058	0.366	0.383	0.476	0.355	0.9047	0.3672	0.342	1.2862	0.0529	0.0524		
		0.513	0.6714	0.327	0.3381	0.3404	0.4283	0.3254	0.3333	0.3461	1.5419	0.0527	0.0547		
		
39:00	37.00	0.4102	0.3237	0.2984	0.3895	0.3801	0.3331	0.3697	0.336	0.329	0.4329	0.3641	0.0541		
		0.3578	0.3845	0.3501	0.3651	0.4007	0.3164	0.3212	0.3771	0.3678	0.3711	0.351	0.0537		
		0.3824	0.3964	0.4082	0.3628	0.3373	0.4293	0.3406	0.3535	0.3503	0.0432	0.0558	0.0526		
		0.4281	0.337	0.3239	0.3584	0.3436	0.3557	0.3627	0.3638	0.3427	0.3389	0.0531	0.0535		
		0.3375	0.4819	0.4091	0.4327	0.4877	0.3334	0.354	0.4783	0.4113	0.6514	0.0533	0.0533		
		0.3297	0.3381	0.3374	0.3351	0.5263	0.3812	1.0385	0.3577	0.3585	0.981	0.055	0.053		
		0.3297	0.4005	0.3567	0.3826	0.4839	0.3564	0.9175	0.3701	0.3392	1.2856	0.053	0.0524		
		0.5123	0.6794	0.3205	0.3341	0.337	0.426	0.32	0.331	0.3407	1.5423	0.0529	0.0547		
		
40:00	36.90	0.4037	0.3213	0.3016	0.3857	0.3793	0.3328	0.3706	0.3364	0.3257	0.4256	0.3598	0.0542		
		0.3552	0.3833	0.3512	0.3665	0.4016	0.3158	0.3164	0.3691	0.3648	0.3731	0.369	0.0537		
		0.3875	0.3949	0.3986	0.3613	0.3339	0.4306	0.3421	0.3499	0.3452	0.0433	0.0557	0.0526		
		0.4333	0.3381	0.3227	0.3594	0.3407	0.3514	0.3576	0.3557	0.3383	0.3385	0.0531	0.0535		
		0.3347	0.487	0.4052	0.4345	0.4945	0.3331	0.3537	0.4824	0.4093	0.6503	0.0533	0.0533		
		0.3297	0.3381	0.3354	0.3342	0.5336	0.3806	1.0583	0.3593	0.3474	0.9816	0.055	0.0529		
		0.3289	0.4073	0.3514	0.3838	0.4816	0.3538	0.9388	0.3696	0.3382	1.2879	0.0529	0.0524		
		0.5212	0.6982	0.3185	0.3374	0.3357	0.4245	0.3167	0.3289	0.3423	1.5439	0.0528	0.0547		
		
41:00	37.00	0.4078	0.3215	0.3039	0.3838	0.3784	0.333	0.3728	0.3338	0.3218	0.4218	0.3616	0.0542		
		0.3605	0.3782	0.3488	0.3688	0.4094	0.3155	0.3145	0.3681	0.3637	0.3712	0.3815	0.0536		
		0.3888	0.3916	0.4039	0.3648	0.3266	0.4323	0.3382	0.3522	0.3429	0.0435	0.0558	0.0527		
		0.4384	0.334	0.3194	0.3646	0.3351	0.3495	0.3547	0.3472	0.3337	0.3383	0.0531	0.0534		
		0.3302	0.4899	0.4037	0.43	0.5082	0.3289	0.3551	0.4836	0.4142	0.6496	0.0534	0.0533		
		0.3278	0.3326	0.331	0.3331	0.537	0.3777	1.0712	0.3559	0.3402	0.9815	0.0551	0.0529		
		0.3269	0.4058	0.3445	0.3834	0.4815	0.3548	0.957	0.3712	0.3372	1.2869	0.053	0.0523		
		0.5212	0.7088	0.308	0.3295	0.3371	0.4193	0.3122	0.3296	0.3382	1.5422	0.0528	0.0547		
		
42:00	37.00	0.4094	0.3213	0.3059	0.3823	0.3761	0.3295	0.3734	0.3331	0.3157	0.4212	0.3621	0.0543		
		0.3716	0.3767	0.349	0.3744	0.427	0.3224	0.3182	0.3634	0.3632	0.3722	0.3706	0.0538		
		0.3813	0.3883	0.4025	0.3688	0.3254	0.4317	0.3308	0.3457	0.3411	0.043	0.0556	0.0528		
		0.4464	0.3333	0.3168	0.3806	0.3323	0.3496	0.3528	0.3473	0.3274	0.3392	0.0531	0.0534		
		0.3232	0.4939	0.4012	0.4284	0.5229	0.3231	0.3605	0.489	0.4141	0.6499	0.0533	0.0534		
		0.3313	0.3274	0.3267	0.3309	0.5439	0.377	1.096	0.3557	0.3399	0.9856	0.055	0.0529		
		0.3215	0.4083	0.3415	0.384	0.4839	0.3532	0.9767	0.3704	0.3344	1.29	0.0531	0.0524		
		0.5293	0.7254	0.3062	0.338	0.3352	0.4135	0.3108	0.3277	0.3367	1.5415	0.0527	0.0547		
		
43:00	37.00	0.4311	0.3169	0.3078	0.3683	0.3754	0.3332	0.3749	0.3324	0.3046	0.4238	0.3575	0.0542		
		0.3852	0.3724	0.3433	0.3729	0.4263	0.321	0.3201	0.3584	0.3616	0.3732	0.3645	0.0537		
		0.3834	0.383	0.4011	0.3696	0.3206	0.4337	0.338	0.3468	0.3309	0.0429	0.0558	0.0527		
		0.4522	0.3312	0.3113	0.3748	0.3308	0.3421	0.3505	0.3426	0.3222	0.3397	0.0531	0.0535		
		0.3217	0.4948	0.3979	0.4286	0.5313	0.3235	0.3679	0.4913	0.418	0.6517	0.0533	0.0534		
		0.3341	0.3203	0.3235	0.3308	0.5463	0.3738	1.1182	0.3561	0.3363	0.9857	0.055	0.053		
		0.3195	0.4106	0.3451	0.3836	0.4856	0.3533	0.9937	0.3671	0.3337	1.291	0.0529	0.0523		
		0.5407	0.7407	0.3107	0.3415	0.3328	0.4113	0.3075	0.3248	0.3375	1.5435	0.0527	0.0546		
		
44:00	37.00	0.4447	0.3152	0.3089	0.3759	0.3724	0.3285	0.374	0.3319	0.2991	0.4294	0.3572	0.0543		
		0.3936	0.3704	0.343	0.3716	0.4297	0.316	0.318	0.3505	0.3616	0.3728	0.3667	0.0538		
		0.3832	0.3809	0.4037	0.3688	0.3156	0.4344	0.3363	0.3438	0.3232	0.0431	0.0557	0.0527		
		0.4607	0.3297	0.3106	0.3606	0.3244	0.3327	0.3477	0.3375	0.3154	0.3399	0.0531	0.0535		
		0.3273	0.4983	0.3942	0.4351	0.5288	0.3261	0.3744	0.4938	0.4172	0.6514	0.0533	0.0533		
		0.3378	0.316	0.3223	0.3307	0.5514	0.3727	1.142	0.3511	0.3332	0.984	0.0551	0.053		
		0.3211	0.4128	0.3506	0.3823	0.4859	0.3525	1.015	0.3695	0.3315	1.2913	0.053	0.0524		
		0.5509	0.7596	0.3182	0.3485	0.3325	0.4103	0.3002	0.3242	0.3351	1.5418	0.0528	0.0547		
		
45:00	37.00	0.4418	0.3127	0.308	0.3753	0.371	0.3285	0.3731	0.3299	0.3002	0.4342	0.357	0.0541		
		0.3799	0.3689	0.3411	0.3699	0.4328	0.3156	0.3202	0.3444	0.3601	0.3719	0.3694	0.0536		
		0.3879	0.3781	0.4161	0.3692	0.3106	0.432	0.3361	0.3454	0.3136	0.043	0.0557	0.0526		
		0.462	0.3282	0.3082	0.3617	0.3241	0.3293	0.3458	0.3482	0.3065	0.3401	0.0531	0.0534		
		0.3256	0.5031	0.3902	0.4419	0.5375	0.3295	0.389	0.4974	0.419	0.6534	0.0533	0.0533		
		0.341	0.3177	0.3189	0.3284	0.5555	0.3719	1.2122	0.3544	0.3277	0.9835	0.055	0.0529		
		0.3237	0.4176	0.3549	0.3833	0.4864	0.3518	1.0327	0.3663	0.3307	1.2901	0.053	0.0524		
		0.5608	0.7809	0.3174	0.3534	0.3309	0.4148	0.3007	0.3248	0.336	1.5413	0.0528	0.0547		
		
46:00	37.00	0.4464	0.311	0.3066	0.371	0.3685	0.3286	0.3724	0.3298	0.2956	0.4443	0.3555	0.0543		
		0.3602	0.3628	0.3391	0.3676	0.4288	0.3204	0.3238	0.3427	0.3614	0.3708	0.3678	0.0538		
		0.396	0.3712	0.3999	0.3719	0.3066	0.4331	0.3354	0.3415	0.3089	0.0434	0.0558	0.0527		
		0.4678	0.3241	0.3026	0.3668	0.3298	0.323	0.345	0.379	0.2993	0.3399	0.0531	0.0535		
		0.3291	0.5113	0.3878	0.444	0.5319	0.3349	0.3907	0.501	0.4178	0.6506	0.0533	0.0534		
		0.3488	0.3122	0.3176	0.3309	0.5609	0.3676	1.2559	0.3521	0.3402	0.9819	0.055	0.053		
		0.3208	0.419	0.3564	0.3837	0.4863	0.3499	1.0546	0.3671	0.3314	1.2877	0.053	0.0524		
		0.5714	0.8031	0.321	0.3635	0.3286	0.4214	0.3028	0.3242	0.3337	1.5414	0.0528	0.0546		
		
47:00	37.00	0.4473	0.3094	0.3065	0.3706	0.3674	0.3244	0.3714	0.3293	0.2987	0.4691	0.3548	0.0542		
		0.3585	0.364	0.3398	0.3644	0.4281	0.3127	0.3178	0.3328	0.3596	0.3724	0.3664	0.0537		
		0.4078	0.3669	0.3991	0.3675	0.3018	0.432	0.3336	0.3405	0.3037	0.0438	0.0557	0.0526		
		0.459	0.3236	0.3038	0.3639	0.3277	0.3236	0.3439	0.385	0.2934	0.3399	0.0531	0.0535		
		0.3427	0.5159	0.3838	0.4572	0.5358	0.3248	0.3878	0.5042	0.4203	0.6544	0.0533	0.0533		
		0.3517	0.3172	0.3212	0.3251	0.5659	0.369	1.2862	0.3552	0.3418	0.9822	0.055	0.0529		
		0.33	0.4287	0.3846	0.3833	0.4874	0.3489	1.0743	0.368	0.3297	1.2897	0.053	0.0524		
		0.5932	0.8235	0.3381	0.376	0.3286	0.431	0.299	0.3223	0.3331	1.5395	0.0527	0.0547		
		
48:00	37.00	0.4471	0.3061	0.2981	0.3728	0.3627	0.3225	0.375	0.3296	0.3045	0.4812	0.3569	0.0544		
		0.3611	0.3545	0.3318	0.3601	0.4307	0.3154	0.317	0.3347	0.361	0.3724	0.3665	0.0537		
		0.4131	0.3699	0.3895	0.3668	0.2937	0.4292	0.3322	0.3386	0.2989	0.0437	0.0558	0.0527		
		0.466	0.3214	0.2992	0.3632	0.3389	0.3191	0.3422	0.379	0.2807	0.3397	0.0532	0.0535		
		0.3561	0.5206	0.3761	0.4572	0.5448	0.3222	0.3844	0.5084	0.4197	0.6532	0.0533	0.0534		
		0.3551	0.3158	0.3239	0.3272	0.5719	0.3667	1.295	0.3538	0.3633	0.9824	0.0551	0.053		
		0.3295	0.4265	0.3924	0.3814	0.4901	0.3482	1.0936	0.3681	0.3286	1.2865	0.0531	0.0524		
		0.6192	0.8611	0.3433	0.3854	0.3271	0.4372	0.302	0.3206	0.3312	1.5369	0.0528	0.0546		
		
49:00	37.00	0.4484	0.3016	0.2998	0.3714	0.3686	0.3184	0.3745	0.3278	0.3129	0.4872	0.3515	0.0542		
		0.3648	0.3553	0.3336	0.3572	0.4341	0.3114	0.3179	0.3313	0.3574	0.3715	0.3659	0.0538		
		0.4178	0.3771	0.4015	0.3622	0.29	0.4274	0.3308	0.341	0.3075	0.0438	0.0558	0.0526		
		0.4641	0.3169	0.2982	0.3609	0.3592	0.3228	0.3378	0.3824	0.2837	0.3397	0.0531	0.0534		
		0.3471	0.5305	0.3768	0.4755	0.5444	0.3092	0.3873	0.5183	0.4212	0.6536	0.0533	0.0533		
		0.3721	0.3242	0.3257	0.3228	0.5772	0.3677	1.2852	0.3528	0.3749	0.9826	0.055	0.0529		
		0.3376	0.4355	0.3953	0.3831	0.4916	0.3493	1.1152	0.3707	0.3274	1.2854	0.0529	0.0523		
		0.605	0.9099	0.343	0.3812	0.3283	0.4477	0.3064	0.3208	0.3307	1.5377	0.0527	0.0547		
		
50:00	37.00	0.4504	0.2953	0.2978	0.372	0.3682	0.3139	0.3758	0.3273	0.3106	0.4854	0.3559	0.0544		
		0.3625	0.3497	0.332	0.3604	0.433	0.3104	0.3347	0.3423	0.3576	0.3713	0.3653	0.0537		
		0.4287	0.3748	0.3968	0.3558	0.2837	0.4198	0.3309	0.3364	0.3069	0.0439	0.0556	0.0527		
		0.4637	0.3149	0.2895	0.3606	0.3603	0.3219	0.3347	0.3838	0.2868	0.3394	0.053	0.0534		
		0.3404	0.5323	0.3714	0.4793	0.5505	0.2988	0.3846	0.5156	0.4214	0.6537	0.0533	0.0534		
		0.3767	0.3263	0.3315	0.323	0.5812	0.367	1.2926	0.3511	0.3741	0.9836	0.055	0.0529		
		0.33	0.4392	0.3964	0.3824	0.4929	0.3483	1.1323	0.3712	0.3269	1.2868	0.053	0.0524		
		0.6162	0.9171	0.3387	0.3737	0.3259	0.4575	0.3126	0.3177	0.3279	1.5371	0.0528	0.0547		
		
51:00	37.00	0.4498	0.2935	0.305	0.37	0.3794	0.3155	0.3744	0.3265	0.3253	0.4867	0.3541	0.0542		
		0.3608	0.3568	0.3337	0.3657	0.4397	0.3042	0.3388	0.3404	0.3593	0.3729	0.3647	0.0536		
		0.4322	0.3949	0.4017	0.3508	0.2839	0.4173	0.3291	0.339	0.3188	0.0441	0.0559	0.0527		
		0.4669	0.3151	0.287	0.3594	0.3441	0.3301	0.328	0.3804	0.2857	0.3396	0.053	0.0534		
		0.3502	0.5414	0.382	0.4775	0.5528	0.2964	0.3832	0.5209	0.4235	0.654	0.0532	0.0533		
		0.352	0.3271	0.3333	0.3218	0.5878	0.3645	1.2956	0.3517	0.3691	0.9843	0.055	0.053		
		0.3404	0.4661	0.3962	0.3818	0.4956	0.3472	1.1535	0.3701	0.3266	1.2861	0.0529	0.0523		
		0.617	0.9152	0.3415	0.3674	0.3257	0.4731	0.3163	0.3166	0.3277	1.5402	0.0527	0.0546		
		
52:00	37.00	0.4527	0.2938	0.3047	0.3715	0.3857	0.3136	0.3717	0.3263	0.3344	0.4865	0.3532	0.0543		
		0.3626	0.3631	0.3371	0.3737	0.4372	0.2997	0.3447	0.3436	0.3586	0.3738	0.3672	0.0537		
		0.4326	0.3984	0.4044	0.3482	0.2852	0.4173	0.3281	0.339	0.3294	0.044	0.0558	0.0527		
		0.4679	0.3222	0.2855	0.359	0.3378	0.3275	0.3291	0.3802	0.2851	0.3394	0.0532	0.0534		
		0.3373	0.5502	0.3847	0.4699	0.5574	0.2896	0.3819	0.5199	0.4233	0.6535	0.0533	0.0533		
		0.3535	0.3253	0.3385	0.3214	0.5905	0.3643	1.3066	0.351	0.3708	0.9836	0.055	0.0529		
		0.3361	0.4769	0.3946	0.3814	0.4965	0.346	1.1721	0.3701	0.3269	1.286	0.053	0.0524		
		0.6207	0.904	0.3348	0.3706	0.3252	0.5057	0.3254	0.317	0.3267	1.5368	0.0528	0.0547		
		
53:00	37.00	0.4563	0.2965	0.3116	0.3743	0.394	0.3116	0.3719	0.3245	0.3494	0.4899	0.3554	0.0542		
		0.3616	0.3648	0.3432	0.3851	0.4388	0.2952	0.3455	0.349	0.3559	0.3724	0.3639	0.0536		
		0.4248	0.4045	0.4079	0.3496	0.2877	0.4162	0.3287	0.3365	0.3331	0.0435	0.0557	0.0527		
		0.4701	0.3213	0.2804	0.3573	0.3288	0.3329	0.334	0.3806	0.2827	0.3396	0.0532	0.0535		
		0.3368	0.5659	0.3895	0.476	0.5616	0.2972	0.3807	0.5242	0.4247	0.6531	0.0533	0.0534		
		0.3498	0.3347	0.3402	0.3201	0.5944	0.3655	1.3156	0.353	0.3682	0.9833	0.055	0.053		
		0.339	0.4776	0.3959	0.3815	0.497	0.3446	1.1914	0.371	0.3247	1.283	0.053	0.0523		
		0.6212	0.9136	0.3347	0.3649	0.3252	0.5072	0.3304	0.3181	0.3248	1.5354	0.0527	0.0546		
		
54:00	37.00	0.4539	0.3052	0.3181	0.367	0.4074	0.3205	0.3733	0.3258	0.3511	0.4982	0.3549	0.0542		
		0.3585	0.3693	0.3475	0.3816	0.44	0.2909	0.3606	0.3538	0.3564	0.374	0.3651	0.0538		
		0.4364	0.4223	0.4151	0.3439	0.2936	0.423	0.3253	0.3391	0.344	0.0439	0.0558	0.0527		
		0.475	0.3322	0.2867	0.3545	0.3294	0.3387	0.3307	0.3816	0.2958	0.339	0.0531	0.0535		
		0.3391	0.5803	0.3966	0.4773	0.5661	0.3029	0.3814	0.5258	0.426	0.6541	0.0533	0.0534		
		0.3444	0.3445	0.3571	0.3196	0.6009	0.3638	1.3232	0.3541	0.3678	0.9856	0.055	0.0529		
		0.3488	0.4812	0.3978	0.3812	0.4988	0.3466	1.208	0.3733	0.3255	1.2832	0.0529	0.0524		
		0.6275	0.9199	0.3393	0.3685	0.3223	0.5046	0.3485	0.3157	0.3248	1.5446	0.0527	0.0546		
		
55:00	36.90	0.4594	0.3071	0.3205	0.3714	0.4099	0.3228	0.3782	0.3231	0.3396	0.4992	0.355	0.0542		
		0.3615	0.3665	0.3404	0.3854	0.443	0.2947	0.3533	0.3708	0.3567	0.3737	0.3658	0.0537		
		0.4368	0.415	0.4243	0.3484	0.2993	0.4336	0.3254	0.3369	0.3386	0.0437	0.0559	0.0527		
		0.4749	0.3313	0.2904	0.3563	0.3307	0.3492	0.3301	0.3809	0.3428	0.3393	0.053	0.0535		
		0.3376	0.5727	0.3938	0.477	0.5699	0.3003	0.3791	0.5282	0.4281	0.6525	0.0534	0.0534		
		0.3424	0.3494	0.3581	0.3184	0.6041	0.3633	1.3313	0.3552	0.3683	0.9824	0.0551	0.0529		
		0.3285	0.4777	0.3952	0.381	0.502	0.3454	1.2248	0.3744	0.3246	1.2858	0.0531	0.0524		
		0.6305	0.9293	0.3348	0.3696	0.3227	0.5004	0.3493	0.3154	0.3234	1.545	0.0527	0.0546		
		
56:00	37.00	0.4609	0.3148	0.3322	0.3731	0.4053	0.3296	0.3902	0.3225	0.3306	0.5026	0.3549	0.0541		
		0.3566	0.3699	0.3412	0.3855	0.4459	0.3028	0.3473	0.3771	0.3557	0.3739	0.3661	0.0537		
		0.4159	0.4158	0.4355	0.3567	0.3062	0.4407	0.3243	0.3352	0.3406	0.0437	0.0558	0.0527		
		0.4787	0.3417	0.2896	0.357	0.3279	0.3563	0.3367	0.3813	0.3474	0.3393	0.0531	0.0535		
		0.3384	0.5636	0.4112	0.4798	0.5741	0.323	0.3778	0.534	0.4271	0.6521	0.0534	0.0533		
		0.3404	0.3451	0.354	0.3189	0.61	0.3636	1.3371	0.3553	0.3695	0.984	0.055	0.0529		
		0.3251	0.4851	0.3979	0.3829	0.5006	0.3444	1.2391	0.3724	0.3252	1.2853	0.0529	0.0524		
		0.6362	0.9435	0.3339	0.3713	0.3218	0.4997	0.3486	0.3126	0.3219	1.5456	0.0528	0.0547		
		
57:00	36.90	0.4611	0.3322	0.3439	0.3694	0.4013	0.3314	0.3905	0.3218	0.3344	0.5078	0.3548	0.0542		
		0.3554	0.3959	0.3484	0.3894	0.4477	0.3046	0.3475	0.3748	0.356	0.3749	0.365	0.0537		
		0.4271	0.4154	0.4518	0.3575	0.3308	0.4502	0.3268	0.3339	0.3437	0.0438	0.0557	0.0527		
		0.4785	0.3441	0.2924	0.3564	0.3311	0.3726	0.3357	0.3814	0.3405	0.3394	0.0531	0.0534		
		0.3355	0.5742	0.4382	0.4799	0.5786	0.3556	0.3787	0.5369	0.4297	0.6529	0.0534	0.0533		
		0.3447	0.3505	0.3486	0.3159	0.6141	0.3622	1.3429	0.3552	0.3682	0.9891	0.055	0.0529		
		0.3449	0.4884	0.398	0.3833	0.504	0.3421	1.2519	0.3715	0.3236	1.2847	0.053	0.0524		
		0.6446	0.9569	0.3357	0.3773	0.3214	0.5048	0.3405	0.3136	0.3223	1.5468	0.0528	0.0547		
		
58:00	37.00	0.4648	0.3372	0.3436	0.3718	0.393	0.3388	0.3948	0.3212	0.3347	0.5096	0.3569	0.0542		
		0.3562	0.4042	0.3552	0.3974	0.4495	0.3027	0.3371	0.3772	0.3551	0.3733	0.368	0.0537		
		0.4286	0.4104	0.4521	0.3787	0.344	0.4554	0.326	0.3349	0.3434	0.0442	0.0558	0.0526		
		0.4829	0.3565	0.29	0.3544	0.3319	0.373	0.3343	0.3814	0.3384	0.3389	0.0531	0.0534		
		0.3347	0.5716	0.4467	0.4814	0.5829	0.3621	0.3779	0.5384	0.4306	0.6517	0.0533	0.0534		
		0.3451	0.3549	0.3521	0.3177	0.6194	0.3638	1.3481	0.3567	0.3661	0.9911	0.0551	0.053		
		0.3398	0.4901	0.4	0.3844	0.5062	0.3432	1.2635	0.3718	0.3231	1.2871	0.053	0.0524		
		0.6511	0.9718	0.3393	0.3714	0.3206	0.5057	0.3335	0.3137	0.32	1.5451	0.0528	0.0546		
		
59:00	37.00	0.468	0.329	0.3434	0.375	0.4008	0.3405	0.406	0.3216	0.331	0.5129	0.3581	0.0543		
		0.3523	0.4121	0.3677	0.3949	0.4513	0.3008	0.3383	0.3758	0.3559	0.3747	0.3658	0.0538		
		0.4272	0.4131	0.4559	0.384	0.343	0.4828	0.3256	0.3346	0.3436	0.0438	0.0557	0.0527		
		0.4844	0.3565	0.2926	0.3526	0.3285	0.3715	0.3691	0.3815	0.3403	0.338	0.0531	0.0535		
		0.3325	0.5746	0.4443	0.4813	0.5861	0.3636	0.3782	0.5406	0.4313	0.6516	0.0533	0.0534		
		0.3437	0.356	0.3517	0.3164	0.6255	0.3621	1.3525	0.3561	0.3666	0.9883	0.055	0.053		
		0.3369	0.4934	0.3996	0.3832	0.5057	0.3426	1.2726	0.3735	0.3231	1.2808	0.053	0.0524		
		0.6576	0.9876	0.334	0.3696	0.3196	0.5095	0.3348	0.3122	0.319	1.5426	0.0528	0.0547		
		
1:00:00	37.00	0.4695	0.323	0.3355	0.3716	0.4049	0.3542	0.4335	0.3214	0.3284	0.5185	0.3574	0.0543		
		0.3502	0.4128	0.3622	0.416	0.4544	0.2978	0.3288	0.3738	0.3562	0.3751	0.3662	0.0538		
		0.4304	0.4134	0.4504	0.407	0.3401	0.4972	0.3244	0.3347	0.3421	0.0442	0.0559	0.0527		
		0.4882	0.361	0.3187	0.3511	0.3305	0.369	0.3819	0.3807	0.3385	0.3379	0.0531	0.0534		
		0.3316	0.5812	0.4389	0.4848	0.5881	0.3588	0.3763	0.5445	0.4328	0.6507	0.0534	0.0533		
		0.3444	0.3504	0.3472	0.3144	0.6288	0.3593	1.3562	0.3544	0.366	0.9891	0.0551	0.053		
		0.3383	0.5008	0.4011	0.3831	0.5113	0.3413	1.2816	0.3749	0.3233	1.2822	0.0529	0.0523		
		0.6642	1.0034	0.3367	0.3769	0.3175	0.515	0.3392	0.3096	0.3193	1.5444	0.0528	0.0546		
		
Time(hh:mm:ss)	Temperature(°C)	1	2	3	4	5	6	7	8	9	10	11	12		
		1.448736	-1.457323	-1.476	-0.241444	0.088181	-1.050147	-0.008794	-1.246866	-0.607033	2.560777	-0.019516	0	
		-0.934574	0.21799	-1.020886	0.045812	1.960999	-0.428352	-0.020714	0.165942	-0.375727	-0.361348	-0.198472	0	
		0.390423	0.202121	0.434569	-0.824763	-0.937874	1.237118	-1.113694	-1.149962	-0.107473	0.016609	0.011167	0	
		1.688784	-1.017239	-1.061099	-0.6012	-0.741296	0.067273	-0.703715	-0.40669	-0.725714	NoFit	0	0	
		-1.048641	3.067504	0.496362	1.596462	3.382686	-0.795357	-0.402955	2.914231	0.714881	NoFit	0	0	
		-0.813924	-1.138584	-1.411807	-1.205695	4.222766	0.041895	16.648921	-0.806335	-0.631682	NoFit	0.000887	0	
		-1.332362	1.877546	0.419482	-0.32707	1.926626	-0.727019	15.652094	-0.137261	-0.949949	NoFit	0.006667	0	
		4.412168	10.649397	-0.327916	-0.624199	-1.135452	2.156579	-0.878006	-1.196872	-0.580542	NoFit	NoFit	NoFit	
