##BLOCKS= 4          
Plate:	Plate#1	1.1	PlateFormat	Kinetic	Absorbance	Raw	FALSE	61	3600	60				1	410	1	12	96	
Time(hh:mm:ss)	Temperature(¡C)	1	2	3	4	5	6	7	8	9	10	11	12		
0:00	37.00	0.3091	0.3303	0.3133	0.3491	0.3452	0.3434	0.3258	0.3757	0.4124	0.3945	0.3822	0.0537		
		0.2799	0.3035	0.3125	0.3617	0.3001	0.3298	0.3277	0.3797	0.3777	0.3745	0.3924	0.0524		
		0.3089	0.3113	0.3137	0.3815	0.323	0.3552	0.3436	0.3809	0.4084	0.0419	0.0541	0.0525		
		0.3031	0.2811	0.3217	0.3417	0.3444	0.3292	0.3611	0.3594	0.3622	0.3467	0.0552	0.0527		
		0.3122	0.319	0.3134	0.3791	0.3272	0.3364	0.325	0.3602	0.288	0.639	0.0527	0.0594		
		0.2966	0.3235	0.3567	0.343	0.3421	0.2999	0.3852	0.319	0.3335	0.9865	0.0546	0.0527		
		0.2928	0.3158	0.3267	0.3497	0.3192	0.3266	0.3792	0.3554	0.3789	1.3073	0.054	0.0528		
		0.2927	0.3264	0.3059	0.327	0.3326	0.3208	0.363	0.3656	0.4044	1.5832	0.0532	0.0536		
		
1:00	37.00	0.3657	0.3784	0.3505	0.373	0.367	0.3686	0.3425	0.3889	0.418	0.4032	0.3927	0.0539		
		0.3426	0.3531	0.3593	0.3867	0.3136	0.3538	0.35	0.3775	0.4057	0.3863	0.4084	0.0525		
		0.3529	0.3593	0.3511	0.3953	0.3455	0.3711	0.3653	0.3847	0.4131	0.0419	0.0539	0.0526		
		0.3612	0.3305	0.3607	0.3877	0.3763	0.3443	0.364	0.3792	0.3807	0.3462	0.0551	0.0527		
		0.3621	0.3688	0.3512	0.4081	0.3465	0.3605	0.336	0.3673	0.3024	0.6377	0.0526	0.0614		
		0.3569	0.368	0.391	0.4023	0.3519	0.3346	0.4008	0.3309	0.3494	0.9865	0.0546	0.0527		
		0.347	0.3589	0.3607	0.3875	0.3386	0.3459	0.3989	0.3691	0.3897	1.3014	0.0538	0.0527		
		0.3451	0.3808	0.3414	0.3589	0.3525	0.3526	0.3763	0.3681	0.4253	1.5676	0.0531	0.0537		
		
2:00	37.00	0.3885	0.402	0.3694	0.3905	0.3806	0.3837	0.3539	0.398	0.4232	0.4088	0.3988	0.0536		
		0.3739	0.3722	0.3763	0.4032	0.3225	0.3668	0.3624	0.3825	0.4129	0.3922	0.4131	0.0523		
		0.3805	0.3805	0.3707	0.4157	0.3573	0.3855	0.3787	0.3946	0.4204	0.0419	0.0539	0.0524		
		0.3849	0.3549	0.3798	0.4089	0.3892	0.3546	0.3733	0.3846	0.3845	0.3459	0.0545	0.0526		
		0.3854	0.3901	0.3663	0.4252	0.3637	0.3745	0.3509	0.3719	0.317	0.6374	0.0525	0.0555		
		0.3879	0.3911	0.4023	0.4249	0.3705	0.3497	0.4147	0.3381	0.3578	0.9852	0.0549	0.0525		
		0.3708	0.3798	0.3794	0.4032	0.3477	0.3604	0.4096	0.3709	0.3968	1.3013	0.053	0.0525		
		0.3696	0.4134	0.3614	0.3802	0.366	0.368	0.3872	0.3827	0.4341	1.5689	0.053	0.0536		
		
3:00	37.00	0.4033	0.4164	0.3812	0.3995	0.3909	0.3931	0.3644	0.4022	0.4321	0.4151	0.4053	0.0538		
		0.387	0.3853	0.389	0.411	0.3302	0.379	0.3698	0.3856	0.418	0.3968	0.4178	0.0524		
		0.3988	0.3933	0.3812	0.4278	0.3661	0.3947	0.3862	0.3988	0.4268	0.0418	0.0539	0.0524		
		0.3947	0.3684	0.389	0.4229	0.3973	0.3606	0.3798	0.3897	0.3951	0.3452	0.055	0.0527		
		0.4008	0.4039	0.3782	0.4368	0.3691	0.3831	0.3557	0.3768	0.3215	0.6371	0.0526	0.0594		
		0.4034	0.4064	0.41	0.4369	0.3779	0.3582	0.4263	0.3423	0.3653	0.9845	0.0547	0.0527		
		0.3863	0.3918	0.3865	0.4127	0.3608	0.3689	0.4198	0.3749	0.4022	1.3035	0.0533	0.0526		
		0.3836	0.4356	0.3708	0.3918	0.3731	0.3773	0.3955	0.387	0.4407	1.569	0.0531	0.0536		
		
4:00	37.00	0.414	0.426	0.3901	0.4047	0.3971	0.4002	0.3652	0.4095	0.4352	0.4186	0.4106	0.0538		
		0.3951	0.3911	0.3996	0.4174	0.3343	0.3836	0.3757	0.3885	0.4232	0.4018	0.4215	0.0523		
		0.4115	0.4021	0.3905	0.4353	0.371	0.4026	0.3945	0.4017	0.4307	0.0418	0.0539	0.0524		
		0.4028	0.3771	0.395	0.4334	0.4038	0.3639	0.3821	0.3986	0.3955	0.3448	0.055	0.0526		
		0.403	0.4142	0.3858	0.4423	0.3748	0.3897	0.3602	0.3794	0.3265	0.6363	0.0526	0.059		
		0.4123	0.4165	0.415	0.4473	0.3883	0.3642	0.4392	0.3472	0.3697	0.9834	0.0546	0.0526		
		0.3979	0.4005	0.3928	0.4194	0.3663	0.3756	0.4266	0.3792	0.4057	1.3041	0.0532	0.0525		
		0.3948	0.4535	0.3767	0.3997	0.3809	0.3858	0.3996	0.3908	0.4423	1.5702	0.053	0.0535		
		
5:00	37.00	0.4207	0.4321	0.3966	0.4086	0.403	0.4049	0.3744	0.4115	0.4392	0.4209	0.4115	0.0537		
		0.4049	0.3964	0.4082	0.4231	0.3383	0.3909	0.3827	0.3901	0.426	0.4071	0.4263	0.0523		
		0.4218	0.4105	0.3957	0.439	0.3778	0.4093	0.3979	0.4046	0.4326	0.0418	0.0539	0.0524		
		0.4098	0.3834	0.4023	0.4384	0.41	0.3675	0.3824	0.4029	0.3997	0.3444	0.0548	0.0526		
		0.4124	0.4215	0.3886	0.4475	0.3788	0.3947	0.3646	0.3799	0.3308	0.6357	0.0525	0.057		
		0.4169	0.4222	0.4161	0.4528	0.3897	0.3692	0.4507	0.3491	0.3725	0.9828	0.0547	0.0525		
		0.4039	0.4059	0.3975	0.424	0.371	0.3793	0.4313	0.3834	0.4085	1.303	0.0532	0.0525		
		0.4041	0.469	0.3816	0.4055	0.3837	0.3899	0.403	0.3941	0.4446	1.5708	0.053	0.0535		
		
6:00	37.00	0.4241	0.4385	0.3992	0.4106	0.4065	0.4087	0.3769	0.4127	0.4394	0.4239	0.4137	0.0534		
		0.4099	0.3992	0.4128	0.4262	0.3401	0.3919	0.3863	0.3916	0.4285	0.4056	0.4284	0.0521		
		0.4278	0.4144	0.3995	0.4434	0.3794	0.4135	0.4029	0.4064	0.4346	0.0418	0.0538	0.0522		
		0.4123	0.3861	0.4062	0.4429	0.4142	0.3677	0.3792	0.4062	0.401	0.344	0.0546	0.0525		
		0.4194	0.4245	0.3906	0.4488	0.3837	0.4002	0.3658	0.3804	0.3366	0.6355	0.0526	0.0547		
		0.4203	0.4259	0.4168	0.4567	0.3952	0.3719	0.4598	0.351	0.3764	0.9816	0.0548	0.0525		
		0.4038	0.41	0.3994	0.4283	0.3754	0.382	0.4354	0.38	0.4089	1.3013	0.0528	0.0524		
		0.4096	0.4833	0.3838	0.4097	0.385	0.3925	0.4061	0.397	0.4453	1.5709	0.053	0.0534		
		
7:00	37.00	0.4264	0.4404	0.403	0.411	0.4079	0.4122	0.38	0.4134	0.442	0.4259	0.4155	0.0537		
		0.4121	0.4013	0.416	0.4264	0.3411	0.3947	0.3903	0.392	0.4303	0.4075	0.4281	0.0524		
		0.4342	0.4149	0.4037	0.4459	0.3813	0.4149	0.4055	0.4065	0.4335	0.0418	0.054	0.0524		
		0.4132	0.389	0.4094	0.4468	0.4145	0.3709	0.3814	0.4079	0.4059	0.3436	0.0551	0.0525		
		0.4227	0.4264	0.3924	0.4491	0.3876	0.4029	0.3719	0.3795	0.3394	0.6359	0.0526	0.0569		
		0.4237	0.4289	0.4167	0.4595	0.3973	0.3758	0.4661	0.3534	0.3785	0.9802	0.0546	0.0525		
		0.4083	0.4105	0.4026	0.431	0.3769	0.3843	0.4384	0.3797	0.4094	1.2998	0.0534	0.0524		
		0.4139	0.4953	0.3852	0.4121	0.3857	0.3971	0.4068	0.3987	0.445	1.5697	0.0531	0.0535		
		
8:00	37.00	0.4281	0.4416	0.4049	0.4084	0.4096	0.4135	0.3822	0.4157	0.4398	0.4237	0.418	0.0536		
		0.4131	0.4053	0.419	0.4247	0.3435	0.3957	0.3891	0.4092	0.4309	0.4054	0.4278	0.0523		
		0.4415	0.4187	0.4043	0.4465	0.3805	0.4179	0.4056	0.4083	0.433	0.0419	0.0538	0.0523		
		0.4165	0.3936	0.4058	0.4493	0.4157	0.3716	0.3796	0.4117	0.4054	0.3434	0.0545	0.0525		
		0.4231	0.429	0.3949	0.4515	0.3884	0.4062	0.374	0.3797	0.3433	0.6356	0.0525	0.0545		
		0.4246	0.4315	0.4163	0.4616	0.3983	0.3766	0.4738	0.3513	0.3801	0.9794	0.0549	0.0524		
		0.4104	0.4106	0.4051	0.433	0.3791	0.3857	0.4436	0.3788	0.409	1.2975	0.0528	0.0523		
		0.4161	0.508	0.3855	0.4145	0.3842	0.4002	0.4077	0.4006	0.4457	1.5686	0.0529	0.0533		
		
9:00	37.00	0.4285	0.4421	0.4051	0.407	0.412	0.4149	0.3845	0.4152	0.4393	0.427	0.4199	0.0536		
		0.4147	0.4052	0.4198	0.4222	0.3446	0.3973	0.3899	0.3931	0.432	0.4063	0.429	0.0523		
		0.4434	0.4229	0.4027	0.4456	0.3789	0.4183	0.4054	0.4098	0.4308	0.0419	0.054	0.0523		
		0.4191	0.3935	0.4069	0.4472	0.4145	0.3728	0.3792	0.4123	0.4073	0.3429	0.0548	0.0525		
		0.4239	0.4303	0.3939	0.4535	0.3852	0.4075	0.3746	0.3795	0.3476	0.6352	0.0526	0.0555		
		0.4255	0.4339	0.4154	0.4637	0.3995	0.3782	0.4824	0.3552	0.3821	0.9794	0.0548	0.0525		
		0.4122	0.4113	0.4061	0.4339	0.3872	0.3836	0.4456	0.3787	0.4086	1.2969	0.0531	0.0524		
		0.4183	0.5188	0.3885	0.4149	0.3856	0.3994	0.4095	0.4005	0.4453	1.5696	0.0531	0.0535		
		
10:00	37.00	0.4288	0.4431	0.4063	0.4056	0.4141	0.4147	0.3854	0.4152	0.4393	0.425	0.4206	0.0534		
		0.4146	0.4056	0.4201	0.4222	0.3459	0.3941	0.3883	0.3944	0.4316	0.4054	0.4285	0.0522		
		0.4451	0.4231	0.4032	0.4463	0.3788	0.4209	0.408	0.4121	0.4298	0.0418	0.0537	0.0522		
		0.4153	0.3939	0.4049	0.4473	0.4134	0.3728	0.3764	0.4126	0.4049	0.343	0.0543	0.0525		
		0.4197	0.4332	0.3921	0.4539	0.3869	0.4066	0.3767	0.3792	0.3482	0.6348	0.0525	0.0541		
		0.4262	0.4337	0.4125	0.4626	0.3997	0.3785	0.488	0.3518	0.3796	0.9795	0.0549	0.0525		
		0.4151	0.4146	0.4058	0.4361	0.3832	0.3869	0.4474	0.3822	0.4069	1.2942	0.0528	0.0524		
		0.4201	0.5323	0.3894	0.4165	0.3837	0.4041	0.4093	0.4001	0.4436	1.5694	0.0529	0.0534		
		
11:00	37.00	0.4305	0.4428	0.4061	0.4071	0.4167	0.4165	0.3828	0.4153	0.4405	0.427	0.4212	0.0536		
		0.4134	0.4048	0.4223	0.4205	0.3468	0.3975	0.3912	0.3947	0.4334	0.4065	0.4297	0.0523		
		0.4493	0.4251	0.4018	0.4473	0.3795	0.4214	0.4069	0.4109	0.4291	0.0418	0.0539	0.0522		
		0.4152	0.3968	0.404	0.4471	0.4125	0.3724	0.3729	0.4132	0.4069	0.3427	0.0547	0.0525		
		0.4197	0.4347	0.3923	0.4491	0.3885	0.4105	0.3748	0.3797	0.3519	0.6344	0.0525	0.0549		
		0.426	0.4351	0.4114	0.4637	0.4002	0.3829	0.4981	0.3559	0.3829	0.9814	0.0548	0.0525		
		0.4134	0.4149	0.4079	0.4355	0.3804	0.386	0.4485	0.3795	0.4075	1.2934	0.0528	0.0524		
		0.4214	0.5436	0.3872	0.4159	0.3812	0.4045	0.4131	0.4004	0.44	1.5743	0.053	0.0534		
		
12:00	37.00	0.4322	0.4423	0.4059	0.4049	0.4181	0.416	0.3799	0.414	0.4412	0.4275	0.4224	0.0536		
		0.4096	0.4058	0.422	0.421	0.3459	0.3938	0.3939	0.3957	0.4272	0.4088	0.4299	0.0522		
		0.4519	0.4256	0.4066	0.4474	0.3789	0.4225	0.407	0.4092	0.4281	0.0418	0.0539	0.0522		
		0.4174	0.398	0.4007	0.449	0.4113	0.3716	0.3734	0.4126	0.4081	0.3422	0.0548	0.0525		
		0.4194	0.4369	0.3948	0.4447	0.3932	0.4079	0.3782	0.3807	0.3555	0.6342	0.0526	0.0543		
		0.4262	0.435	0.411	0.46	0.3965	0.384	0.5042	0.3531	0.3888	0.9826	0.0547	0.0525		
		0.4139	0.4169	0.4092	0.4348	0.3818	0.3858	0.4518	0.3779	0.4062	1.2921	0.0529	0.0524		
		0.4229	0.5562	0.3867	0.418	0.3786	0.406	0.4101	0.4004	0.4436	1.5736	0.0529	0.0533		
		
13:00	37.00	0.4325	0.44	0.4031	0.403	0.4194	0.4175	0.3818	0.4142	0.4389	0.4297	0.4212	0.0537		
		0.4097	0.4059	0.4207	0.4165	0.3493	0.3956	0.3913	0.394	0.4333	0.4087	0.429	0.0523		
		0.4554	0.424	0.4047	0.4463	0.38	0.4219	0.4077	0.4079	0.426	0.042	0.0539	0.0523		
		0.416	0.3977	0.3967	0.447	0.4088	0.3722	0.3715	0.4114	0.4071	0.3422	0.055	0.0526		
		0.4197	0.4393	0.3916	0.4453	0.3936	0.4121	0.3745	0.379	0.3546	0.6348	0.0525	0.056		
		0.4273	0.4346	0.4086	0.4572	0.3997	0.3819	0.5123	0.3601	0.3885	0.9836	0.0547	0.0525		
		0.4152	0.4158	0.4079	0.4337	0.3817	0.3862	0.4509	0.3784	0.4049	1.2896	0.0532	0.0523		
		0.4228	0.5662	0.3866	0.4191	0.3744	0.4073	0.4115	0.4004	0.4433	1.5712	0.053	0.0534		
		
14:00	37.00	0.4322	0.4411	0.4032	0.403	0.4204	0.4181	0.3866	0.4162	0.4391	0.4335	0.4205	0.0536		
		0.408	0.4042	0.4208	0.4139	0.3508	0.3937	0.3931	0.3955	0.4345	0.4089	0.428	0.0523		
		0.4608	0.4239	0.4028	0.4451	0.3805	0.4231	0.4071	0.406	0.424	0.042	0.054	0.0523		
		0.412	0.3989	0.3959	0.4471	0.4059	0.3721	0.3725	0.4115	0.4068	0.3422	0.0548	0.0526		
		0.418	0.4398	0.3895	0.4458	0.3891	0.413	0.3772	0.3816	0.3574	0.6343	0.0525	0.0552		
		0.4252	0.433	0.4051	0.4558	0.4005	0.3806	0.521	0.3615	0.3889	0.9821	0.0547	0.0525		
		0.4132	0.4162	0.4055	0.433	0.3819	0.3871	0.4531	0.3752	0.4022	1.2887	0.053	0.0524		
		0.4217	0.5762	0.3829	0.4172	0.3752	0.4073	0.4101	0.4037	0.4408	1.5692	0.0531	0.0534		
		
15:00	37.00	0.4336	0.4383	0.4039	0.4008	0.4217	0.4172	0.3855	0.4144	0.4363	0.4342	0.4216	0.0537		
		0.4053	0.4025	0.4197	0.4128	0.3498	0.3953	0.3943	0.3963	0.4327	0.4077	0.4289	0.0523		
		0.4625	0.4251	0.4056	0.4428	0.3809	0.4234	0.4063	0.4034	0.423	0.0418	0.0539	0.0524		
		0.4128	0.3999	0.3957	0.4463	0.4	0.3725	0.3695	0.4093	0.4064	0.3421	0.0547	0.0526		
		0.4166	0.4406	0.3908	0.4473	0.3903	0.4125	0.3767	0.3805	0.3607	0.6342	0.0525	0.0564		
		0.4256	0.4335	0.4026	0.4625	0.3998	0.3817	0.5281	0.3637	0.3878	0.9813	0.0548	0.0526		
		0.4105	0.416	0.4063	0.4335	0.3845	0.3826	0.4553	0.3772	0.4015	1.2875	0.053	0.0524		
		0.4205	0.5849	0.3825	0.4161	0.3735	0.4089	0.4097	0.4034	0.4382	1.5683	0.0531	0.0534		
		
16:00	37.00	0.4339	0.4386	0.403	0.3978	0.4219	0.4176	0.3894	0.4115	0.4344	0.4335	0.4223	0.0532		
		0.4007	0.4016	0.4202	0.4116	0.3485	0.3962	0.3937	0.3947	0.4335	0.4077	0.4276	0.0522		
		0.4628	0.4241	0.4036	0.442	0.3829	0.422	0.4061	0.4005	0.422	0.0419	0.0539	0.0521		
		0.4126	0.397	0.3967	0.4463	0.3993	0.3701	0.3679	0.405	0.4052	0.3425	0.0546	0.0524		
		0.4136	0.4407	0.3904	0.4471	0.3915	0.4149	0.3756	0.3807	0.3625	0.6339	0.0525	0.0539		
		0.4242	0.4327	0.4017	0.461	0.4013	0.3807	0.537	0.3617	0.3909	0.9813	0.0547	0.0524		
		0.4098	0.4167	0.4071	0.4336	0.3866	0.3841	0.4539	0.3786	0.4009	1.2861	0.0528	0.0523		
		0.4203	0.5952	0.3826	0.4152	0.372	0.4083	0.4048	0.3985	0.4357	1.5687	0.053	0.0533		
		
17:00	37.00	0.4343	0.4365	0.4035	0.3938	0.422	0.4223	0.3885	0.4109	0.4347	0.4373	0.4225	0.0537		
		0.3989	0.4038	0.4195	0.4104	0.3516	0.3968	0.3901	0.4036	0.4315	0.4077	0.4286	0.0523		
		0.4648	0.4222	0.4041	0.4421	0.3782	0.4223	0.4068	0.3959	0.4199	0.0419	0.054	0.0524		
		0.4099	0.3922	0.3977	0.4481	0.3928	0.3697	0.3663	0.4068	0.4047	0.3422	0.055	0.0525		
		0.4123	0.4418	0.3908	0.4461	0.3923	0.4151	0.379	0.3787	0.3622	0.6344	0.0525	0.057		
		0.4216	0.4317	0.4009	0.46	0.4005	0.3798	0.5423	0.3602	0.3892	0.982	0.0546	0.0526		
		0.4086	0.4138	0.4052	0.4331	0.3849	0.3844	0.4527	0.3755	0.3974	1.2841	0.0532	0.0524		
		0.4195	0.6032	0.382	0.4121	0.37	0.4082	0.4186	0.4047	0.4329	1.5682	0.0529	0.0534		
		
18:00	37.00	0.4337	0.436	0.4016	0.3897	0.4211	0.4261	0.3849	0.4093	0.433	0.4426	0.4192	0.0535		
		0.3963	0.4001	0.4169	0.4103	0.3523	0.3954	0.388	0.394	0.4326	0.4073	0.4276	0.0522		
		0.4619	0.4215	0.4102	0.4392	0.3767	0.4224	0.4074	0.3965	0.4209	0.042	0.0539	0.0522		
		0.4057	0.397	0.392	0.4495	0.3892	0.3704	0.3658	0.4057	0.4033	0.3434	0.0543	0.0525		
		0.408	0.441	0.3872	0.4485	0.3938	0.4136	0.3747	0.3785	0.3668	0.6343	0.0525	0.0538		
		0.4197	0.4299	0.3961	0.4566	0.3993	0.3796	0.5492	0.3601	0.3888	0.9815	0.0549	0.0524		
		0.4081	0.4127	0.4043	0.4334	0.3857	0.384	0.4547	0.3748	0.4001	1.2883	0.0527	0.0523		
		0.4201	0.6102	0.3815	0.4186	0.3675	0.4076	0.4162	0.405	0.4336	1.5664	0.0529	0.0534		
		
19:00	37.00	0.4313	0.4322	0.4016	0.3889	0.4223	0.4249	0.3871	0.4087	0.4323	0.4444	0.4243	0.0534		
		0.3932	0.4004	0.4158	0.4083	0.3534	0.3916	0.3887	0.3925	0.4308	0.4082	0.4259	0.0523		
		0.461	0.4207	0.4048	0.4397	0.3777	0.4207	0.4091	0.3936	0.4192	0.0418	0.0539	0.0522		
		0.4047	0.403	0.3868	0.4461	0.3887	0.373	0.3633	0.407	0.4026	0.3431	0.0546	0.0525		
		0.4058	0.4405	0.3864	0.4468	0.3954	0.4151	0.3788	0.379	0.3683	0.6338	0.0525	0.054		
		0.4146	0.4274	0.3915	0.4538	0.3986	0.3795	0.5556	0.3614	0.3871	0.9807	0.0548	0.0525		
		0.4084	0.4135	0.4021	0.4337	0.3862	0.3856	0.4587	0.3733	0.4033	1.2915	0.0528	0.0523		
		0.4195	0.6202	0.3804	0.4212	0.3644	0.411	0.4145	0.4003	0.4308	1.5693	0.0529	0.0534		
		
20:00	37.00	0.4307	0.4328	0.3977	0.3881	0.4211	0.4232	0.3878	0.4067	0.4285	0.4448	0.4294	0.0536		
		0.3926	0.4001	0.4161	0.4052	0.3522	0.3973	0.3874	0.395	0.4297	0.4077	0.4278	0.0522		
		0.4614	0.4194	0.4059	0.4364	0.3767	0.4221	0.4086	0.3889	0.4172	0.0419	0.054	0.0523		
		0.4033	0.4038	0.3873	0.4481	0.3875	0.3711	0.3646	0.4078	0.4035	0.3431	0.055	0.0526		
		0.4005	0.4404	0.3843	0.4479	0.3957	0.4116	0.377	0.3767	0.3689	0.6334	0.0525	0.0565		
		0.4138	0.4269	0.3904	0.4531	0.3989	0.3787	0.5622	0.3622	0.39	0.9805	0.0546	0.0526		
		0.4082	0.4098	0.3993	0.4324	0.3873	0.3858	0.4604	0.3723	0.4023	1.2913	0.0532	0.0524		
		0.4193	0.6285	0.3802	0.4185	0.3627	0.4105	0.4131	0.4002	0.4273	1.5671	0.053	0.0534		
		
21:00	36.90	0.4311	0.4313	0.399	0.3892	0.4236	0.4243	0.3888	0.407	0.4274	0.447	0.4298	0.0535		
		0.3917	0.3965	0.4142	0.4027	0.3525	0.3973	0.3893	0.396	0.4277	0.4063	0.4244	0.0523		
		0.4601	0.421	0.4058	0.4393	0.3737	0.4235	0.4113	0.3917	0.4162	0.042	0.0538	0.0522		
		0.4003	0.4029	0.3852	0.4396	0.3889	0.3712	0.3617	0.4078	0.4006	0.343	0.0542	0.0525		
		0.3994	0.4398	0.383	0.4495	0.397	0.4149	0.3758	0.3802	0.3724	0.6333	0.0525	0.0537		
		0.4134	0.4245	0.3848	0.4507	0.4029	0.3796	0.5715	0.3597	0.3884	0.9797	0.055	0.0525		
		0.4088	0.4124	0.3995	0.4309	0.39	0.385	0.4629	0.3726	0.4084	1.29	0.0526	0.0524		
		0.4195	0.6362	0.3794	0.4181	0.3599	0.4095	0.4131	0.3981	0.4279	1.5663	0.0528	0.0534		
		
22:00	37.00	0.4297	0.4287	0.4028	0.3875	0.4238	0.4229	0.385	0.4024	0.427	0.4469	0.4292	0.0536		
		0.389	0.3974	0.4173	0.4022	0.3538	0.3977	0.3883	0.3969	0.4284	0.408	0.4248	0.0523		
		0.4623	0.4196	0.402	0.4384	0.372	0.4224	0.4121	0.3891	0.4138	0.042	0.0539	0.0523		
		0.3985	0.3973	0.3878	0.4421	0.3882	0.3714	0.3611	0.409	0.4009	0.3432	0.0549	0.0525		
		0.3952	0.4392	0.3855	0.4488	0.3978	0.4146	0.3766	0.3816	0.3727	0.6336	0.0525	0.0555		
		0.4092	0.4258	0.3829	0.4498	0.4036	0.3786	0.5788	0.3607	0.3878	0.981	0.0547	0.0525		
		0.4093	0.4119	0.397	0.4333	0.3875	0.3845	0.4609	0.3713	0.4064	1.2917	0.0531	0.0524		
		0.4192	0.6446	0.3789	0.416	0.3564	0.412	0.4094	0.3989	0.4244	1.5693	0.0529	0.0533		
		
23:00	37.00	0.4279	0.4269	0.4052	0.3865	0.4257	0.4228	0.3881	0.4025	0.4268	0.449	0.427	0.0535		
		0.3868	0.3951	0.4154	0.4026	0.3549	0.3967	0.3877	0.396	0.4298	0.4072	0.4255	0.0522		
		0.4611	0.4194	0.4013	0.4391	0.3703	0.4235	0.4099	0.3912	0.4139	0.0421	0.0539	0.0522		
		0.394	0.3968	0.3822	0.4418	0.3882	0.372	0.3592	0.4138	0.3989	0.3425	0.0546	0.0525		
		0.3934	0.4414	0.3852	0.4469	0.399	0.415	0.3778	0.3824	0.3745	0.6333	0.0525	0.0547		
		0.4092	0.4259	0.376	0.4476	0.4057	0.3766	0.5712	0.3596	0.3874	0.9787	0.0548	0.0525		
		0.4083	0.4112	0.3985	0.4307	0.3878	0.3843	0.465	0.3721	0.4029	1.2892	0.0529	0.0524		
		0.4207	0.655	0.3787	0.415	0.3531	0.4122	0.4099	0.3951	0.4224	1.5666	0.053	0.0534		
		
24:00	37.00	0.4271	0.4268	0.4073	0.3874	0.4261	0.4218	0.3887	0.4009	0.4262	0.4518	0.4266	0.0536		
		0.3864	0.392	0.4133	0.4023	0.356	0.3972	0.3873	0.3981	0.4284	0.4075	0.4272	0.0523		
		0.4621	0.418	0.4032	0.4371	0.3691	0.4231	0.4068	0.393	0.4123	0.0419	0.0539	0.0523		
		0.3924	0.3957	0.381	0.4411	0.3881	0.3719	0.3594	0.4094	0.3999	0.3424	0.055	0.0526		
		0.3937	0.439	0.3863	0.4469	0.3999	0.4145	0.377	0.3824	0.3777	0.6341	0.0525	0.0564		
		0.4071	0.424	0.3729	0.4453	0.4068	0.377	0.6047	0.3608	0.3877	0.9804	0.0546	0.0526		
		0.4057	0.409	0.3981	0.4278	0.3908	0.3838	0.4645	0.3717	0.4049	1.289	0.0532	0.0525		
		0.4222	0.6597	0.3815	0.4156	0.3496	0.4166	0.4075	0.3969	0.422	1.5663	0.0529	0.0534		
		
25:00	37.00	0.4249	0.426	0.4047	0.3861	0.426	0.4211	0.3875	0.3996	0.4273	0.4516	0.4278	0.0535		
		0.3846	0.3936	0.4242	0.4003	0.3592	0.3928	0.3858	0.4004	0.4276	0.4068	0.4236	0.0523		
		0.4638	0.4165	0.402	0.4362	0.3692	0.4129	0.4034	0.3958	0.4125	0.0419	0.0539	0.0523		
		0.3897	0.3948	0.3776	0.439	0.3892	0.3729	0.3578	0.4092	0.4006	0.3423	0.0545	0.0525		
		0.3905	0.4396	0.3843	0.4482	0.3989	0.4125	0.3777	0.3865	0.3787	0.6341	0.0525	0.0551		
		0.4036	0.423	0.3684	0.4454	0.4068	0.376	0.6158	0.3603	0.3874	0.9809	0.0548	0.0525		
		0.4072	0.4111	0.3967	0.4308	0.3902	0.3832	0.4665	0.3729	0.3996	1.2907	0.0528	0.0524		
		0.4237	0.6696	0.3783	0.4134	0.3481	0.4162	0.4076	0.3942	0.4195	1.5675	0.0529	0.0533		
		
26:00	37.00	0.4251	0.4261	0.4008	0.385	0.4264	0.419	0.3879	0.399	0.4301	0.4541	0.428	0.0535		
		0.3841	0.3902	0.4203	0.4006	0.3603	0.3938	0.3856	0.3997	0.4269	0.4055	0.4247	0.0522		
		0.4641	0.4185	0.4006	0.4342	0.3677	0.4283	0.4011	0.3955	0.4115	0.0419	0.0539	0.0523		
		0.3821	0.3937	0.3774	0.4363	0.3873	0.372	0.358	0.4076	0.3976	0.3425	0.0547	0.0526		
		0.3875	0.4385	0.3872	0.4455	0.3994	0.4129	0.3791	0.3853	0.379	0.6338	0.0525	0.0557		
		0.4013	0.4229	0.3639	0.4393	0.4106	0.3769	0.6181	0.3577	0.3854	0.9805	0.0548	0.0525		
		0.404	0.4091	0.3954	0.4266	0.3925	0.3839	0.4675	0.3721	0.3953	1.2917	0.0528	0.0524		
		0.4238	0.6771	0.3776	0.4139	0.3461	0.4164	0.4043	0.3931	0.4182	1.5672	0.0529	0.0535		
		
27:00	37.00	0.4226	0.4302	0.3983	0.3842	0.4277	0.4188	0.3865	0.3964	0.4335	0.4543	0.4283	0.0535		
		0.382	0.3932	0.4199	0.4024	0.3607	0.3948	0.3833	0.4002	0.4286	0.4051	0.4236	0.0521		
		0.4641	0.4161	0.4009	0.4308	0.3673	0.4323	0.3993	0.3954	0.4072	0.0419	0.054	0.0522		
		0.3838	0.3949	0.374	0.4367	0.3857	0.3699	0.3582	0.4085	0.3987	0.3425	0.0549	0.0525		
		0.3858	0.4405	0.3887	0.4454	0.403	0.4137	0.3782	0.3864	0.3801	0.6325	0.0525	0.0566		
		0.4025	0.4224	0.3635	0.4401	0.4128	0.3744	0.6249	0.3589	0.3886	0.9814	0.0546	0.0524		
		0.4037	0.4092	0.3954	0.4251	0.3938	0.3831	0.4684	0.374	0.3957	1.2919	0.0531	0.0524		
		0.4213	0.6859	0.3766	0.412	0.344	0.4153	0.4019	0.3915	0.4143	1.5685	0.0529	0.0533		
		
28:00	37.00	0.4225	0.4324	0.3974	0.3827	0.4278	0.4203	0.3865	0.3938	0.4264	0.455	0.4281	0.0534		
		0.3815	0.3936	0.418	0.401	0.362	0.3929	0.3836	0.4017	0.4252	0.4048	0.4236	0.0523		
		0.468	0.4148	0.4029	0.4317	0.3664	0.431	0.3992	0.3962	0.4075	0.042	0.0539	0.0522		
		0.3764	0.3974	0.3743	0.4338	0.3857	0.3689	0.3574	0.4041	0.3953	0.3425	0.0542	0.0525		
		0.3845	0.4395	0.3861	0.4434	0.4025	0.4131	0.3769	0.3851	0.3836	0.6311	0.0525	0.0536		
		0.3982	0.4207	0.3584	0.4387	0.4135	0.375	0.6223	0.3575	0.3876	0.9815	0.055	0.0525		
		0.4034	0.4103	0.3911	0.4263	0.3946	0.383	0.4724	0.3724	0.3952	1.2931	0.0525	0.0524		
		0.424	0.6956	0.3733	0.4135	0.3418	0.4178	0.4035	0.3914	0.4161	1.5696	0.0529	0.0534		
		
29:00	37.00	0.4224	0.4306	0.3972	0.3832	0.4279	0.4175	0.3863	0.3943	0.427	0.4558	0.4258	0.0535		
		0.3809	0.3938	0.4167	0.4012	0.3606	0.392	0.3857	0.4033	0.4259	0.4038	0.4243	0.0524		
		0.4663	0.414	0.4032	0.4256	0.3651	0.4328	0.4002	0.3936	0.4051	0.0421	0.054	0.0523		
		0.3808	0.3959	0.3734	0.4335	0.3826	0.3679	0.359	0.4054	0.3937	0.3424	0.0548	0.0525		
		0.3833	0.4409	0.3882	0.4471	0.4036	0.4135	0.3761	0.3856	0.3844	0.6314	0.0525	0.0553		
		0.3969	0.4202	0.3605	0.4395	0.4154	0.3757	0.632	0.3561	0.3877	0.9827	0.0547	0.0524		
		0.3996	0.4094	0.3891	0.4245	0.3912	0.3822	0.4736	0.3724	0.3914	1.2952	0.053	0.0524		
		0.4201	0.704	0.3706	0.4125	0.3414	0.4193	0.4019	0.3901	0.4134	1.5702	0.0529	0.0534		
		
30:00	37.00	0.4217	0.4233	0.3938	0.3791	0.4278	0.4165	0.3883	0.3926	0.4223	0.4567	0.4276	0.0536		
		0.3759	0.3921	0.4151	0.4005	0.3622	0.3921	0.3842	0.4031	0.4244	0.402	0.4252	0.0523		
		0.4647	0.4127	0.4035	0.427	0.3655	0.4299	0.4004	0.3929	0.4043	0.042	0.054	0.0523		
		0.3804	0.3951	0.3722	0.4312	0.3833	0.3811	0.361	0.4045	0.3964	0.3426	0.055	0.0526		
		0.3805	0.4393	0.3893	0.4446	0.4039	0.4133	0.3767	0.3852	0.3864	0.6303	0.0525	0.0563		
		0.3949	0.4199	0.3579	0.4365	0.4152	0.372	0.6358	0.3594	0.3873	0.9819	0.0546	0.0525		
		0.3972	0.4089	0.3879	0.4256	0.388	0.3796	0.4726	0.3708	0.3894	1.2955	0.0532	0.0524		
		0.4174	0.7158	0.3681	0.4106	0.341	0.4192	0.3995	0.388	0.411	1.57	0.0529	0.0533		
		
31:00	37.00	0.4185	0.4234	0.395	0.3759	0.4241	0.4168	0.3892	0.3896	0.4171	0.4589	0.4272	0.0536		
		0.3745	0.3917	0.4102	0.3998	0.3621	0.3905	0.3824	0.404	0.4237	0.3987	0.4225	0.0523		
		0.4681	0.414	0.4054	0.4266	0.3632	0.4298	0.396	0.3888	0.4042	0.042	0.054	0.0523		
		0.3778	0.3964	0.372	0.4272	0.381	0.3846	0.3593	0.4061	0.3955	0.3417	0.055	0.0525		
		0.3819	0.44	0.3921	0.4463	0.4055	0.4102	0.3779	0.3866	0.3884	0.6298	0.0526	0.0564		
		0.3951	0.4205	0.354	0.4363	0.4119	0.3734	0.642	0.3593	0.3878	0.982	0.0546	0.0525		
		0.3968	0.4062	0.3868	0.4215	0.3813	0.3808	0.4754	0.3664	0.3932	1.2957	0.0531	0.0524		
		0.4156	0.7302	0.363	0.4108	0.3379	0.4195	0.3977	0.3882	0.4083	1.5699	0.053	0.0534		
		
32:00	37.00	0.4212	0.4218	0.3916	0.3717	0.4229	0.4159	0.3874	0.3921	0.4138	0.4606	0.4257	0.0534		
		0.3743	0.3895	0.406	0.4007	0.3614	0.3875	0.3831	0.4031	0.4232	0.3939	0.4222	0.0522		
		0.4708	0.4155	0.4024	0.4293	0.3645	0.4317	0.396	0.3895	0.404	0.0422	0.0538	0.0522		
		0.3747	0.3917	0.3709	0.4281	0.3778	0.3783	0.3588	0.405	0.3931	0.342	0.0541	0.0525		
		0.3831	0.4382	0.3907	0.4485	0.4037	0.4116	0.3779	0.3881	0.3883	0.6294	0.0525	0.0536		
		0.3939	0.4194	0.3482	0.4324	0.4103	0.3747	0.6489	0.3578	0.3851	0.982	0.055	0.0524		
		0.3977	0.41	0.3879	0.4197	0.38	0.3808	0.4782	0.3653	0.3921	1.2958	0.0526	0.0524		
		0.4204	0.7513	0.3646	0.4125	0.3358	0.4199	0.3976	0.3875	0.4077	1.5701	0.0528	0.0533		
		
33:00	37.00	0.4204	0.417	0.3919	0.3715	0.4235	0.4163	0.3884	0.3916	0.4151	0.4599	0.4281	0.0535		
		0.3681	0.3903	0.4099	0.4	0.3604	0.3874	0.382	0.4054	0.4247	0.396	0.4248	0.0523		
		0.4709	0.4146	0.3988	0.4309	0.3645	0.4299	0.3948	0.3892	0.3995	0.0421	0.0541	0.0524		
		0.3819	0.3968	0.3715	0.4282	0.3769	0.3757	0.3597	0.4029	0.3938	0.3417	0.055	0.0525		
		0.3801	0.4386	0.3907	0.4499	0.4039	0.4126	0.38	0.3855	0.3884	0.6292	0.0525	0.0563		
		0.3945	0.4152	0.3545	0.4321	0.4094	0.3751	0.6558	0.3585	0.3859	0.9814	0.0546	0.0525		
		0.3938	0.4014	0.3863	0.4222	0.3777	0.3815	0.4799	0.365	0.3896	1.2961	0.0532	0.0525		
		0.4133	0.762	0.3607	0.4104	0.3336	0.421	0.3975	0.3867	0.4052	1.5721	0.053	0.0534		
		
34:00	37.00	0.4213	0.4159	0.3896	0.3681	0.4427	0.4157	0.3898	0.3867	0.4139	0.4625	0.4274	0.0534		
		0.3696	0.3908	0.4083	0.4019	0.3595	0.387	0.3806	0.4039	0.4232	0.3861	0.4218	0.0522		
		0.4749	0.4177	0.3984	0.4366	0.3596	0.4269	0.3931	0.3853	0.3975	0.0421	0.0539	0.0522		
		0.3785	0.3951	0.3688	0.4264	0.3732	0.372	0.3582	0.4045	0.3917	0.3417	0.0542	0.0524		
		0.3811	0.4396	0.3913	0.4496	0.4015	0.4129	0.3782	0.3865	0.3931	0.6287	0.0525	0.0535		
		0.3946	0.4256	0.3503	0.4288	0.4091	0.3724	0.6633	0.3569	0.386	0.9811	0.055	0.0524		
		0.3962	0.4045	0.3871	0.4281	0.3753	0.3807	0.4819	0.3599	0.3901	1.2957	0.0526	0.0523		
		0.4177	0.7862	0.358	0.4128	0.3305	0.4248	0.3958	0.387	0.406	1.5721	0.0529	0.0534		
		
35:00	37.00	0.423	0.4131	0.3908	0.3653	0.4466	0.415	0.3851	0.3861	0.4116	0.4632	0.429	0.0534		
		0.3665	0.3866	0.407	0.4016	0.3603	0.3868	0.3791	0.4042	0.4239	0.3844	0.4212	0.0522		
		0.4738	0.4153	0.3975	0.444	0.358	0.4257	0.3928	0.3853	0.4034	0.042	0.0539	0.0522		
		0.3831	0.3971	0.3651	0.4269	0.3715	0.3766	0.3568	0.4022	0.3936	0.3417	0.0545	0.0525		
		0.3789	0.4387	0.3915	0.4487	0.3997	0.4137	0.3788	0.3839	0.3934	0.6289	0.0524	0.0538		
		0.4006	0.4417	0.349	0.4286	0.4063	0.3739	0.6722	0.3591	0.3859	0.9821	0.0548	0.0524		
		0.392	0.3971	0.385	0.442	0.3759	0.3803	0.4854	0.3601	0.3891	1.2959	0.0527	0.0523		
		0.4176	0.7894	0.3557	0.4089	0.3268	0.425	0.3945	0.3835	0.4036	1.5721	0.0529	0.0533		
		
36:00	37.00	0.4255	0.4104	0.3877	0.362	0.4454	0.4144	0.3876	0.3878	0.4101	0.4679	0.428	0.0536		
		0.3607	0.3894	0.4057	0.3995	0.3597	0.3858	0.3784	0.4001	0.4231	0.3905	0.4228	0.0522		
		0.473	0.4135	0.3945	0.4426	0.3552	0.4267	0.3934	0.3838	0.394	0.0421	0.054	0.0523		
		0.3838	0.3967	0.3644	0.4241	0.3692	0.3793	0.3559	0.4041	0.3913	0.3412	0.055	0.0526		
		0.3783	0.4392	0.3935	0.4491	0.3999	0.4121	0.3788	0.3834	0.3947	0.6287	0.0525	0.0563		
		0.4022	0.4359	0.3543	0.4284	0.4061	0.3719	0.6769	0.3584	0.3873	0.9805	0.0546	0.0525		
		0.3901	0.3909	0.3811	0.4449	0.3763	0.3798	0.4861	0.3547	0.3875	1.2951	0.0531	0.0524		
		0.4179	0.7722	0.3555	0.4088	0.3218	0.426	0.3931	0.3855	0.4021	1.5702	0.0529	0.0534		
		
37:00	36.90	0.4262	0.41	0.3866	0.3621	0.441	0.415	0.3863	0.3868	0.4085	0.4663	0.4289	0.0533		
		0.3634	0.3881	0.4015	0.3998	0.3564	0.3826	0.3792	0.4232	0.4229	0.3809	0.424	0.0522		
		0.4805	0.42	0.3942	0.4427	0.3483	0.4255	0.3906	0.3842	0.4131	0.0421	0.0539	0.0521		
		0.3846	0.3964	0.3621	0.4232	0.3671	0.3784	0.353	0.4003	0.3907	0.3412	0.0541	0.0524		
		0.3802	0.4483	0.394	0.4472	0.3994	0.4119	0.3764	0.3848	0.3966	0.6278	0.0525	0.0537		
		0.4	0.433	0.3484	0.4291	0.4075	0.3724	0.6855	0.3597	0.3852	0.9799	0.0549	0.0524		
		0.3921	0.3982	0.3843	0.4385	0.3725	0.38	0.4886	0.3533	0.389	1.2952	0.0526	0.0523		
		0.4252	0.7798	0.3531	0.4112	0.3155	0.4271	0.3921	0.3849	0.4015	1.569	0.0529	0.0533		
		
38:00	37.00	0.4363	0.4098	0.3859	0.3605	0.4355	0.4137	0.3884	0.3852	0.4105	0.4694	0.4289	0.0534		
		0.3552	0.3861	0.4028	0.3974	0.3542	0.3848	0.3775	0.4294	0.4222	0.3826	0.4221	0.0522		
		0.483	0.4438	0.393	0.4409	0.3487	0.4276	0.3893	0.3761	0.4248	0.0421	0.054	0.0522		
		0.3886	0.3963	0.3648	0.4224	0.3665	0.3786	0.3512	0.403	0.3897	0.3409	0.0545	0.0525		
		0.3787	0.4627	0.3949	0.4477	0.3983	0.4115	0.3784	0.3841	0.3956	0.627	0.0525	0.0542		
		0.4048	0.4288	0.3501	0.4243	0.4036	0.3726	0.6909	0.3577	0.3849	0.9803	0.0548	0.0524		
		0.3894	0.4125	0.3821	0.4365	0.3746	0.3803	0.4901	0.3512	0.3874	1.2949	0.0528	0.0523		
		0.4294	0.78	0.3543	0.4101	0.3132	0.425	0.3914	0.3832	0.3998	1.5698	0.0529	0.0533		
		
39:00	37.00	0.4354	0.4085	0.3868	0.357	0.4394	0.4128	0.3902	0.3834	0.4054	0.4691	0.4288	0.0534		
		0.3524	0.3829	0.4033	0.3965	0.3519	0.3853	0.3779	0.4266	0.4233	0.3978	0.4224	0.0523		
		0.4806	0.4411	0.3911	0.4305	0.3461	0.4254	0.388	0.3747	0.4344	0.0421	0.054	0.0522		
		0.3824	0.3974	0.3628	0.4212	0.3631	0.3764	0.3518	0.401	0.3917	0.3409	0.0544	0.0524		
		0.3762	0.4694	0.3943	0.4434	0.3981	0.412	0.3778	0.4014	0.399	0.6281	0.0526	0.0542		
		0.412	0.424	0.347	0.4252	0.4004	0.3699	0.6966	0.3596	0.384	0.9808	0.0548	0.0524		
		0.3859	0.4148	0.382	0.4326	0.3732	0.3796	0.4936	0.352	0.386	1.2954	0.0528	0.0524		
		0.4364	0.7839	0.3567	0.4131	0.3111	0.4298	0.3911	0.3816	0.3983	1.5692	0.053	0.0534		
		
40:00	37.00	0.4531	0.4029	0.3862	0.3564	0.4379	0.4129	0.3903	0.382	0.4052	0.4727	0.428	0.0535		
		0.3538	0.3805	0.4009	0.3955	0.349	0.3821	0.3766	0.4223	0.4212	0.4218	0.4223	0.0523		
		0.4802	0.4401	0.3865	0.4294	0.3447	0.4276	0.3858	0.3799	0.4334	0.0422	0.054	0.0522		
		0.3816	0.3975	0.3596	0.4201	0.3613	0.3759	0.3472	0.4026	0.3906	0.3409	0.0545	0.0525		
		0.3707	0.4541	0.3908	0.4449	0.3957	0.4111	0.3757	0.4188	0.4014	0.6276	0.0525	0.0543		
		0.4232	0.4193	0.3473	0.423	0.4033	0.3702	0.7044	0.3592	0.3846	0.98	0.0549	0.0524		
		0.3832	0.4032	0.3803	0.4196	0.3756	0.3782	0.497	0.3429	0.3855	1.2963	0.0528	0.0523		
		0.4432	0.7903	0.3561	0.41	0.3028	0.4294	0.3915	0.3798	0.3979	1.57	0.0529	0.0534		
		
41:00	36.90	0.4577	0.4028	0.3846	0.3597	0.4357	0.4111	0.39	0.3831	0.4019	0.4733	0.4293	0.0535		
		0.3538	0.3802	0.4015	0.3932	0.3485	0.3831	0.3763	0.4205	0.4197	0.4249	0.4219	0.0523		
		0.4851	0.4398	0.3863	0.427	0.3405	0.4249	0.3868	0.4154	0.4293	0.0421	0.054	0.0522		
		0.3789	0.3952	0.3575	0.4182	0.3615	0.3716	0.3462	0.3995	0.3893	0.3407	0.0545	0.0525		
		0.3749	0.4585	0.3912	0.4395	0.3952	0.4098	0.3777	0.4165	0.4021	0.6275	0.0525	0.0541		
		0.4213	0.4182	0.3461	0.4229	0.405	0.3708	0.7107	0.3588	0.386	0.9803	0.0548	0.0525		
		0.383	0.4226	0.3813	0.4284	0.3747	0.3804	0.4952	0.342	0.3866	1.2952	0.0527	0.0524		
		0.463	0.796	0.3626	0.4115	0.3036	0.431	0.3905	0.3807	0.396	1.5694	0.053	0.0534		
		
42:00	37.00	0.4499	0.4015	0.383	0.3579	0.4357	0.4125	0.3915	0.3802	0.4023	0.4753	0.4292	0.0535		
		0.3518	0.3792	0.4013	0.3883	0.3461	0.381	0.3752	0.4217	0.4202	0.418	0.4216	0.0523		
		0.4905	0.4281	0.3832	0.4243	0.3367	0.4267	0.3878	0.4117	0.4193	0.0421	0.054	0.0522		
		0.3784	0.3971	0.3494	0.4178	0.3553	0.3744	0.3421	0.4014	0.3882	0.3408	0.0542	0.0525		
		0.3716	0.4581	0.3886	0.4345	0.3954	0.4102	0.3763	0.4065	0.4048	0.6269	0.0525	0.0535		
		0.4292	0.416	0.3467	0.4204	0.4056	0.3712	0.7168	0.3588	0.3847	0.9791	0.055	0.0524		
		0.3799	0.4144	0.378	0.42	0.3728	0.3792	0.5015	0.3357	0.388	1.2951	0.0527	0.0523		
		0.4809	0.8007	0.3712	0.4107	0.2985	0.4352	0.3895	0.3776	0.3953	1.5682	0.0528	0.0535		
		
43:00	36.90	0.4481	0.3995	0.3859	0.3537	0.4353	0.412	0.3916	0.3803	0.3993	0.4769	0.4302	0.0536		
		0.3488	0.375	0.402	0.3844	0.3438	0.3831	0.3757	0.4229	0.4201	0.4171	0.425	0.0523		
		0.4879	0.4257	0.3756	0.4231	0.3328	0.4267	0.386	0.3923	0.4095	0.0422	0.054	0.0524		
		0.3732	0.3986	0.3473	0.4193	0.3499	0.3757	0.3456	0.3991	0.3901	0.3403	0.0546	0.0525		
		0.367	0.4646	0.3853	0.4328	0.39	0.4108	0.3793	0.4135	0.4053	0.6276	0.0525	0.0557		
		0.424	0.4154	0.3406	0.4192	0.4026	0.3725	0.7231	0.3604	0.3843	0.9781	0.0549	0.0525		
		0.3814	0.4073	0.3753	0.4199	0.3702	0.3807	0.5008	0.331	0.3848	1.2955	0.053	0.0524		
		0.4855	0.807	0.3756	0.4122	0.2945	0.434	0.39	0.3791	0.3926	1.5687	0.053	0.0534		
		
44:00	37.00	0.4473	0.3993	0.3814	0.3501	0.4337	0.4113	0.3891	0.3792	0.3971	0.4786	0.4307	0.0536		
		0.3565	0.3704	0.4005	0.3842	0.348	0.3831	0.3745	0.4224	0.4194	0.4105	0.4229	0.0522		
		0.5088	0.4221	0.3701	0.4229	0.3367	0.4281	0.3838	0.3938	0.4065	0.0422	0.0541	0.0524		
		0.3745	0.3973	0.3439	0.4152	0.3399	0.3727	0.3468	0.4014	0.3899	0.3406	0.055	0.0526		
		0.3693	0.4576	0.3799	0.4314	0.3872	0.4105	0.3796	0.4046	0.4069	0.6274	0.0525	0.0564		
		0.4094	0.414	0.3389	0.4183	0.3999	0.3717	0.7306	0.3609	0.3845	0.979	0.0546	0.0525		
		0.3898	0.4074	0.3733	0.4181	0.3646	0.3796	0.5	0.3264	0.3861	1.2958	0.0532	0.0525		
		0.4797	0.8145	0.3825	0.4105	0.2935	0.4355	0.3881	0.3795	0.3924	1.5684	0.0529	0.0534		
		
45:00	37.00	0.4421	0.3993	0.3843	0.3524	0.4349	0.4107	0.3935	0.3762	0.3986	0.4821	0.4312	0.0534		
		0.3554	0.3761	0.3988	0.3781	0.3589	0.3836	0.374	0.42	0.4196	0.4112	0.4202	0.0521		
		0.5276	0.4272	0.3715	0.4233	0.3387	0.4296	0.3849	0.3941	0.4026	0.0422	0.0539	0.0521		
		0.3831	0.3981	0.3458	0.415	0.3453	0.3761	0.3383	0.4021	0.3864	0.3411	0.0541	0.0524		
		0.3754	0.4511	0.3805	0.433	0.3877	0.409	0.3799	0.3961	0.4123	0.6276	0.0525	0.0536		
		0.403	0.4137	0.3414	0.4176	0.4024	0.3714	0.7387	0.3584	0.3842	0.9786	0.055	0.0525		
		0.3908	0.4097	0.3707	0.419	0.358	0.3801	0.5056	0.3294	0.3864	1.2947	0.0526	0.0523		
		0.4654	0.8206	0.4023	0.4121	0.2946	0.4353	0.3884	0.3773	0.3942	1.5672	0.0529	0.0533		
		
46:00	37.00	0.4431	0.3977	0.3817	0.3473	0.4333	0.411	0.3941	0.3765	0.3958	0.4806	0.4312	0.0534		
		0.3705	0.3687	0.4008	0.3695	0.3731	0.3808	0.375	0.4201	0.4185	0.41	0.4222	0.0523		
		0.5209	0.4214	0.3582	0.4214	0.3413	0.4273	0.3835	0.3859	0.402	0.0422	0.054	0.0523		
		0.3796	0.3987	0.3433	0.4151	0.3862	0.3747	0.3387	0.4012	0.3871	0.3418	0.0546	0.0525		
		0.3765	0.4576	0.3718	0.4324	0.377	0.4101	0.3798	0.4033	0.4119	0.6276	0.0525	0.0541		
		0.4112	0.4117	0.3333	0.4167	0.3963	0.3718	0.7421	0.3586	0.3856	0.9793	0.0548	0.0524		
		0.3895	0.4103	0.3604	0.4148	0.3525	0.3777	0.5085	0.3322	0.3842	1.2946	0.0528	0.0524		
		0.463	0.8279	0.4117	0.4125	0.2931	0.4368	0.388	0.3779	0.3915	1.5684	0.0529	0.0534		
		
47:00	37.00	0.4448	0.3979	0.3818	0.3489	0.4352	0.4096	0.3916	0.376	0.3973	0.4838	0.431	0.0535		
		0.3881	0.3732	0.3982	0.3677	0.3907	0.3815	0.3736	0.4193	0.419	0.4111	0.4233	0.0522		
		0.5382	0.4185	0.3573	0.4211	0.347	0.43	0.3825	0.3848	0.4014	0.0422	0.054	0.0522		
		0.3885	0.3964	0.3459	0.4137	0.3899	0.376	0.3247	0.4008	0.3852	0.3421	0.0541	0.0525		
		0.3767	0.4518	0.3731	0.437	0.3737	0.4092	0.3768	0.4014	0.4141	0.6273	0.0525	0.0536		
		0.4012	0.4132	0.3351	0.4164	0.3945	0.3722	0.7497	0.3598	0.3845	0.9792	0.055	0.0524		
		0.3987	0.4112	0.3615	0.4194	0.3471	0.3796	0.5101	0.3344	0.3886	1.2946	0.0527	0.0523		
		0.4568	0.8346	0.4009	0.4118	0.2955	0.4375	0.3873	0.3767	0.3903	1.5674	0.0529	0.0533		
		
48:00	37.00	0.4424	0.3965	0.3828	0.3424	0.4365	0.4097	0.3943	0.3761	0.3937	0.4842	0.4312	0.0534		
		0.3929	0.3786	0.3983	0.3587	0.3856	0.3782	0.3738	0.4172	0.4198	0.407	0.4245	0.0522		
		0.5334	0.4227	0.3563	0.4172	0.3487	0.4325	0.381	0.3823	0.4	0.0421	0.054	0.0522		
		0.3898	0.3996	0.35	0.4134	0.3889	0.374	0.3224	0.4021	0.3878	0.3428	0.0546	0.0525		
		0.3743	0.453	0.3634	0.4433	0.3668	0.4081	0.3788	0.4012	0.4159	0.6273	0.0525	0.0541		
		0.4007	0.4104	0.3263	0.4151	0.3879	0.3712	0.755	0.3597	0.3855	0.9824	0.0548	0.0524		
		0.4177	0.4115	0.3559	0.4166	0.3502	0.3795	0.5105	0.3415	0.3823	1.2949	0.0527	0.0524		
		0.4677	0.8428	0.3928	0.4125	0.3	0.4399	0.3857	0.3771	0.3877	1.569	0.0529	0.0533		
		
49:00	37.00	0.4449	0.3962	0.3819	0.3421	0.4354	0.4099	0.3957	0.3756	0.3946	0.4858	0.432	0.0534		
		0.3884	0.3832	0.3965	0.3623	0.3843	0.3794	0.3703	0.4198	0.4189	0.4068	0.4223	0.0521		
		0.5316	0.4193	0.362	0.4187	0.359	0.4272	0.381	0.3795	0.4014	0.0424	0.054	0.0522		
		0.4	0.399	0.3571	0.4143	0.378	0.3731	0.3148	0.4023	0.3879	0.3433	0.0542	0.0526		
		0.3802	0.4553	0.36	0.4518	0.3751	0.4089	0.3808	0.4003	0.4175	0.6279	0.0525	0.0535		
		0.3968	0.4117	0.3295	0.4133	0.3852	0.3713	0.7634	0.3595	0.3845	0.9827	0.055	0.0524		
		0.4103	0.413	0.3599	0.4171	0.3533	0.3812	0.5134	0.3446	0.3847	1.294	0.0527	0.0523		
		0.4677	0.848	0.3875	0.4157	0.3023	0.4429	0.3865	0.3749	0.388	1.5672	0.0529	0.0534		
		
50:00	36.90	0.4412	0.394	0.3816	0.3361	0.4369	0.4082	0.393	0.3745	0.3949	0.4889	0.4322	0.0534		
		0.3838	0.3788	0.3976	0.3593	0.3834	0.3818	0.371	0.4218	0.4196	0.4057	0.4234	0.0522		
		0.5299	0.4183	0.3603	0.4152	0.3721	0.4287	0.3804	0.3787	0.398	0.0422	0.0541	0.0522		
		0.3994	0.4019	0.3643	0.4143	0.3774	0.3719	0.3204	0.4015	0.3882	0.3439	0.0547	0.0525		
		0.3924	0.4542	0.3502	0.4561	0.3779	0.4084	0.3783	0.3995	0.4188	0.6286	0.0525	0.0545		
		0.3975	0.4115	0.3268	0.4144	0.3825	0.3728	0.7692	0.3602	0.3863	0.9817	0.0548	0.0524		
		0.3886	0.4103	0.3592	0.4166	0.3542	0.379	0.5182	0.3453	0.3811	1.2934	0.0528	0.0523		
		0.4687	0.8551	0.387	0.4134	0.3089	0.4441	0.3849	0.373	0.3862	1.5672	0.0529	0.0532		
		
51:00	37.10	0.4428	0.3938	0.3806	0.3357	0.4378	0.4104	0.3938	0.3725	0.3928	0.4901	0.4317	0.0536		
		0.3726	0.3935	0.4007	0.3746	0.3839	0.3796	0.3713	0.4227	0.4197	0.4062	0.4236	0.0523		
		0.5333	0.418	0.3749	0.4165	0.3853	0.4273	0.3799	0.3775	0.3957	0.0422	0.0541	0.0523		
		0.4075	0.3987	0.3698	0.4108	0.3708	0.3742	0.3295	0.4042	0.389	0.3435	0.055	0.0525		
		0.4043	0.4549	0.3503	0.4669	0.3984	0.4088	0.3801	0.4026	0.4194	0.6268	0.0525	0.0562		
		0.3897	0.4088	0.3403	0.4134	0.3924	0.373	0.7763	0.3625	0.3856	0.9826	0.0546	0.0525		
		0.3863	0.4094	0.3661	0.4164	0.3572	0.3795	0.5214	0.3442	0.3831	1.2932	0.0532	0.0525		
		0.4699	0.8605	0.3863	0.413	0.3291	0.4457	0.3866	0.3753	0.3842	1.5671	0.053	0.0535		
		
52:00	36.90	0.4414	0.3958	0.3808	0.3518	0.4407	0.4107	0.3965	0.3731	0.3929	0.4916	0.4326	0.0536		
		0.3691	0.3759	0.3976	0.369	0.3786	0.3787	0.3694	0.4211	0.4195	0.4076	0.421	0.0522		
		0.5332	0.4192	0.3645	0.417	0.3808	0.4297	0.3789	0.3755	0.3975	0.0422	0.054	0.0522		
		0.4121	0.4	0.3652	0.4127	0.3661	0.3762	0.3149	0.4032	0.3841	0.3436	0.0541	0.0525		
		0.3949	0.4555	0.3586	0.4731	0.3898	0.4058	0.3817	0.4012	0.421	0.6269	0.0525	0.0536		
		0.392	0.4116	0.3342	0.4105	0.3936	0.3701	0.7819	0.361	0.3847	0.9815	0.0549	0.0525		
		0.3752	0.4124	0.3692	0.4183	0.3588	0.3765	0.5238	0.3685	0.3848	1.2935	0.0526	0.0524		
		0.4711	0.8688	0.3838	0.4148	0.333	0.4453	0.3862	0.3739	0.3858	1.5671	0.0529	0.0533		
		
53:00	37.00	0.442	0.3922	0.3813	0.3558	0.4426	0.4105	0.3951	0.3723	0.3924	0.4943	0.4349	0.0533		
		0.3662	0.3837	0.3967	0.3728	0.3827	0.3799	0.37	0.4235	0.4194	0.4087	0.4257	0.0522		
		0.5375	0.4195	0.3659	0.4174	0.3819	0.4283	0.3793	0.374	0.3956	0.0422	0.0539	0.0523		
		0.4281	0.4027	0.3689	0.4112	0.3663	0.3739	0.3192	0.4038	0.3865	0.3435	0.0543	0.0525		
		0.3873	0.456	0.3596	0.4895	0.3858	0.4072	0.3797	0.4008	0.423	0.6294	0.0525	0.0536		
		0.3913	0.4114	0.3387	0.4106	0.3962	0.3722	0.7863	0.36	0.3858	0.9818	0.0548	0.0524		
		0.3968	0.4099	0.3764	0.4162	0.3606	0.3808	0.5261	0.383	0.3837	1.2941	0.0527	0.0524		
		0.475	0.8754	0.3837	0.4145	0.3509	0.4462	0.3844	0.3738	0.3846	1.5682	0.0528	0.0533		
		
54:00	36.90	0.445	0.3911	0.3787	0.3609	0.4407	0.411	0.3977	0.3704	0.39	0.4968	0.4365	0.0535		
		0.3635	0.4215	0.3967	0.3766	0.3805	0.3786	0.3685	0.4209	0.42	0.4054	0.4268	0.0522		
		0.542	0.4215	0.398	0.4155	0.3742	0.4269	0.3774	0.3737	0.3936	0.0423	0.0541	0.0524		
		0.4277	0.4026	0.3759	0.4106	0.3633	0.3736	0.3305	0.4018	0.388	0.3433	0.0546	0.0525		
		0.3825	0.457	0.3618	0.5052	0.4058	0.4061	0.3811	0.4021	0.4244	0.6287	0.0525	0.0549		
		0.3911	0.4095	0.3464	0.4079	0.4061	0.372	0.7932	0.3638	0.3864	0.9819	0.0548	0.0524		
		0.3967	0.4111	0.3826	0.416	0.3973	0.3799	0.528	0.387	0.3818	1.2936	0.0528	0.0523		
		0.4765	0.8808	0.3858	0.4148	0.3463	0.4477	0.3849	0.3731	0.3834	1.5671	0.053	0.0534		
		
55:00	37.00	0.444	0.394	0.3804	0.3717	0.4389	0.4096	0.3967	0.3708	0.3898	0.4978	0.4354	0.0534		
		0.362	0.4275	0.3971	0.3845	0.3849	0.3772	0.3681	0.4256	0.4203	0.4078	0.427	0.0522		
		0.5438	0.4216	0.4108	0.413	0.3697	0.4291	0.3769	0.3736	0.3935	0.0422	0.054	0.0522		
		0.4206	0.4009	0.3835	0.4081	0.3606	0.3713	0.3276	0.4041	0.3863	0.3432	0.0546	0.0524		
		0.3837	0.4603	0.3929	0.4961	0.4489	0.4076	0.3819	0.4033	0.4273	0.6299	0.0524	0.0537		
		0.3894	0.4091	0.3506	0.4073	0.4117	0.3733	0.7988	0.361	0.3871	0.9815	0.0548	0.0524		
		0.4005	0.4118	0.3895	0.4178	0.4089	0.379	0.5317	0.3771	0.3799	1.2936	0.0526	0.0523		
		0.4792	0.8866	0.3824	0.4142	0.3393	0.4468	0.3852	0.3702	0.3818	1.5677	0.053	0.0534		
		
56:00	36.90	0.446	0.3922	0.3786	0.3807	0.4415	0.4105	0.3979	0.3682	0.389	0.4995	0.4361	0.0535		
		0.3618	0.4245	0.3969	0.41	0.3842	0.3793	0.3675	0.4266	0.4197	0.4045	0.4256	0.0522		
		0.548	0.421	0.4027	0.4135	0.3714	0.4297	0.3768	0.3739	0.3952	0.0422	0.0541	0.0523		
		0.4112	0.4041	0.3826	0.4094	0.3606	0.3725	0.3299	0.403	0.3863	0.3433	0.0546	0.0525		
		0.381	0.4577	0.3665	0.4924	0.4634	0.4053	0.3811	0.4039	0.4288	0.631	0.0525	0.0538		
		0.3891	0.4109	0.3453	0.4062	0.4168	0.3711	0.8063	0.3628	0.3876	0.9816	0.0548	0.0525		
		0.3973	0.413	0.4098	0.4157	0.4064	0.3818	0.5332	0.3796	0.3819	1.2934	0.0527	0.0524		
		0.4818	0.8931	0.3822	0.4154	0.3382	0.4501	0.3849	0.3712	0.3823	1.5673	0.053	0.0534		
		
57:00	37.00	0.4464	0.3928	0.3773	0.3879	0.444	0.4099	0.3981	0.3701	0.3894	0.4996	0.4355	0.0535		
		0.3615	0.419	0.3963	0.4305	0.3876	0.3797	0.3691	0.4298	0.4201	0.4072	0.4248	0.0522		
		0.5502	0.4212	0.4009	0.4116	0.3707	0.4314	0.3768	0.3722	0.3924	0.0421	0.0541	0.0523		
		0.4108	0.4066	0.3746	0.4098	0.3574	0.3747	0.3317	0.4055	0.385	0.3433	0.0546	0.0525		
		0.3783	0.4624	0.3789	0.4747	0.4608	0.4055	0.3837	0.4045	0.4296	0.6299	0.0525	0.0557		
		0.3894	0.4081	0.3575	0.4061	0.4325	0.3742	0.8125	0.3652	0.388	0.982	0.0548	0.0525		
		0.3961	0.4103	0.4217	0.4141	0.4025	0.3803	0.5351	0.3744	0.381	1.293	0.0528	0.0524		
		0.4834	0.8998	0.3814	0.4154	0.3393	0.4527	0.3844	0.3713	0.3794	1.5665	0.0529	0.0534		
		
58:00	36.90	0.4442	0.3914	0.3793	0.4133	0.4455	0.4106	0.399	0.3693	0.3881	0.5018	0.4352	0.0535		
		0.3629	0.4205	0.3968	0.4257	0.3857	0.3807	0.368	0.4264	0.4201	0.406	0.4279	0.0523		
		0.5524	0.4234	0.4038	0.4105	0.3685	0.4285	0.3767	0.3715	0.3912	0.0422	0.0541	0.0523		
		0.4116	0.4049	0.3746	0.4091	0.359	0.3742	0.3532	0.4056	0.3844	0.343	0.0547	0.0525		
		0.3776	0.4622	0.4265	0.4724	0.4605	0.4052	0.3834	0.4083	0.4299	0.6294	0.0525	0.0553		
		0.3887	0.4073	0.3663	0.4061	0.4761	0.3724	0.8192	0.3646	0.3907	0.9812	0.0547	0.0524		
		0.3966	0.4112	0.4288	0.4153	0.4023	0.3777	0.5391	0.3743	0.3796	1.2944	0.0529	0.0524		
		0.4853	0.906	0.3842	0.4153	0.3335	0.4554	0.384	0.3697	0.3788	1.5678	0.0529	0.0533		
		
59:00	37.00	0.4478	0.3874	0.3779	0.4165	0.4464	0.4107	0.398	0.3678	0.3889	0.5073	0.4333	0.0535		
		0.3598	0.417	0.3969	0.4233	0.3911	0.3774	0.3682	0.4274	0.4197	0.4073	0.4253	0.0523		
		0.5576	0.4241	0.4041	0.413	0.37	0.4279	0.3751	0.371	0.3926	0.0424	0.0541	0.0523		
		0.4129	0.4055	0.3719	0.4083	0.3567	0.3731	0.3735	0.4026	0.3852	0.3429	0.0548	0.0526		
		0.379	0.4613	0.4599	0.4668	0.4543	0.4062	0.3834	0.4079	0.4317	0.6288	0.0525	0.0553		
		0.3883	0.4098	0.3783	0.4066	0.499	0.3732	0.8238	0.3647	0.3899	0.9811	0.0548	0.0526		
		0.3978	0.4124	0.4248	0.4179	0.4	0.3812	0.5401	0.3774	0.3821	1.2951	0.0529	0.0523		
		0.4875	0.9117	0.384	0.4162	0.3348	0.4574	0.3836	0.3703	0.3766	1.5686	0.0529	0.0534		
		
1:00:00	36.90	0.449	0.3899	0.3772	0.4129	0.4464	0.4097	0.3984	0.3673	0.3875	0.5067	0.4388	0.0533		
		0.3592	0.4163	0.3964	0.4219	0.3856	0.3767	0.3669	0.432	0.4217	0.4079	0.4258	0.0521		
		0.5612	0.4221	0.4044	0.4126	0.3638	0.4321	0.3744	0.3716	0.3906	0.0424	0.0541	0.0523		
		0.4115	0.4065	0.3718	0.4084	0.3574	0.3722	0.3804	0.4034	0.3859	0.3431	0.0541	0.0525		
		0.376	0.4653	0.4391	0.465	0.4592	0.4055	0.3845	0.4114	0.4331	0.629	0.0525	0.0534		
		0.3884	0.4095	0.3761	0.4043	0.5017	0.3725	0.8296	0.3656	0.3863	0.981	0.055	0.0524		
		0.3999	0.4143	0.4219	0.42	0.401	0.3781	0.5433	0.3732	0.3786	1.2935	0.0526	0.0522		
		0.4876	0.9184	0.3851	0.4158	0.333	0.4594	0.3841	0.3685	0.3791	1.5664	0.0529	0.0534		
		
Time(hh:mm:ss)	Temperature(¡C)	1	2	3	4	5	6	7	8	9	10	11	12		
		0.76643	-0.660249	-0.20743	-1.094252	0.884781	0.157107	0.52808	-0.725	-0.400392	1.591772	0.47588	-0.05	
		-0.579815	0.191333	-0.084902	-0.64442	0.912528	-0.111169	-0.194188	0.750438	-0.078228	0.123221	0.043273	0.1	
		2.565447	0.454981	-0.127314	-0.349371	-0.206187	0.508223	-0.37394	-0.424456	-0.500427	0.008937	0	0.1	
		0.105912	0.557626	-0.589254	-0.435865	-1.001409	0.231264	-0.58083	0.047366	-0.258186	NoFit	NoFit	0	
		-0.501253	0.986515	0.136113	0.581898	0.825378	0.285489	0.371074	0.633839	1.908377	NoFit	NoFit	2	
		-0.19055	-0.046118	-1.600202	-0.731518	0.741105	0.1355	7.081021	0.283633	0.278609	0	0.002295	0	
		0.006288	0.287393	-0.126653	-0.028027	0.172401	0.103458	2.040809	-0.285766	-0.453718	NoFit	NoFit	NoFit	
		1.756251	8.524125	0.214273	0.303839	-1.203881	1.307097	-0.367768	-0.45073	-0.974566	NoFit	NoFit	-0.01	
~End
Group:	Standards	1
Sample	Concentration	Wells	BackConcCalc	Values	MeanValue	Std.Dev.	CV%

Smallest standard value:  

Largest standard value:  

~End
Group:	Controls	1
Sample	Wells	Sample#	Values	MeanValue

~End
Group:	Samples	1
Sample	Wells	Values	Outliers	Result	MeanResult	Std.Dev.	CV%

Outlier - Outside standard range  

~End
