Time(hh:mm:ss)	Temperature(°C)	1	2	3	4	5	6	7	8	9	10	11	12		
0:00	37.00	0.3421	0.3695	0.3777	0.4012	0.4209	0.3896	0.4142	0.4741	0.506	0.4809	0.4846	0.0557		
		0.3154	0.3593	0.3751	0.4051	0.3695	0.4053	0.4368	0.4781	0.467	0.4898	0.4677	0.0534		
		0.3399	0.3884	0.322	0.4366	0.4121	0.4286	0.4772	0.4865	0.4768	0.0424	0.054	0.0528		
		0.3441	0.3417	0.3539	0.3965	0.4154	0.4067	0.4204	0.4573	0.3891	0.3535	0.0529	0.0532		
		0.33	0.389	0.3473	0.3598	0.4094	0.4142	0.4238	0.4088	0.3493	0.6785	0.0523	0.0544		
		0.3197	0.3029	0.3728	0.2789	0.4248	0.431	0.4676	0.4726	0.4401	0.9974	0.0538	0.0529		
		0.3546	0.3914	0.3593	0.4213	0.4267	0.4296	0.4164	0.4642	0.4324	1.3034	0.0527	0.0522		
		0.352	0.3841	0.3458	0.413	0.4038	0.4153	0.3775	0.4504	0.4851	1.5843	0.053	0.0533		
		
1:00	37.00	0.4343	0.448	0.4321	0.4419	0.4621	0.4323	0.442	0.4999	0.5152	0.4867	0.5043	0.0557		
		0.4137	0.4257	0.4289	0.4348	0.391	0.4293	0.4652	0.4908	0.4879	0.5042	0.4823	0.0536		
		0.4343	0.4466	0.3783	0.4523	0.4412	0.4552	0.5055	0.5051	0.5003	0.0422	0.0538	0.0528		
		0.4318	0.4086	0.3917	0.4457	0.4607	0.4198	0.4215	0.4756	0.4147	0.3535	0.0528	0.0532		
		0.4252	0.4519	0.3954	0.3871	0.4452	0.4458	0.4349	0.4262	0.3389	0.6778	0.0521	0.0545		
		0.4065	0.36	0.4294	0.3154	0.4605	0.4551	0.4967	0.4873	0.4525	0.9968	0.0537	0.0528		
		0.4294	0.4482	0.4067	0.4548	0.4639	0.4607	0.4406	0.4793	0.4432	1.3012	0.0525	0.0521		
		0.4322	0.4627	0.3872	0.4395	0.4618	0.4309	0.4051	0.4686	0.5029	1.5834	0.0529	0.0534		
		
2:00	36.90	0.4701	0.4779	0.4517	0.4592	0.4793	0.4447	0.4498	0.5095	0.5225	0.492	0.5068	0.0557		
		0.4518	0.4537	0.4628	0.4501	0.3985	0.4408	0.4795	0.4889	0.5	0.5069	0.4828	0.0534		
		0.4643	0.4698	0.3886	0.4846	0.4559	0.4692	0.5224	0.5181	0.5039	0.0422	0.0539	0.0528		
		0.4615	0.4293	0.4125	0.4665	0.4817	0.428	0.4288	0.4849	0.4187	0.3534	0.0527	0.0532		
		0.455	0.4778	0.4122	0.3986	0.4652	0.4646	0.4516	0.4183	0.3448	0.6771	0.0521	0.0544		
		0.4433	0.385	0.4555	0.3323	0.485	0.4796	0.5198	0.4941	0.4678	0.9961	0.0537	0.0528		
		0.4589	0.4705	0.4249	0.4675	0.4809	0.4709	0.4595	0.4905	0.4499	1.3024	0.0525	0.0523		
		0.4612	0.4946	0.408	0.4564	0.4816	0.4324	0.4165	0.477	0.5129	1.5849	0.0529	0.0533		
		
3:00	37.00	0.4821	0.4915	0.4702	0.4757	0.4875	0.4548	0.458	0.5114	0.5243	0.4895	0.5095	0.0557		
		0.4704	0.4665	0.4725	0.458	0.4022	0.4478	0.4874	0.4893	0.5048	0.5045	0.4765	0.0531		
		0.4776	0.4797	0.4219	0.4957	0.4647	0.4766	0.5329	0.5248	0.5075	0.0423	0.0538	0.0527		
		0.4721	0.4461	0.4288	0.4782	0.4906	0.4368	0.4422	0.4904	0.4183	0.3528	0.0527	0.0531		
		0.4762	0.4872	0.427	0.4107	0.4771	0.4741	0.4551	0.416	0.3505	0.6753	0.0525	0.0544		
		0.4635	0.4038	0.4691	0.3423	0.5026	0.4898	0.5277	0.4957	0.4732	0.9947	0.0538	0.0528		
		0.4744	0.4832	0.44	0.4756	0.4949	0.4666	0.4629	0.4952	0.4558	1.3004	0.0524	0.0522		
		0.473	0.5175	0.4151	0.4658	0.4965	0.4345	0.4175	0.4863	0.5205	1.5846	0.0528	0.0532		
		
4:00	37.00	0.4907	0.4989	0.4759	0.4845	0.4957	0.4562	0.4639	0.5146	0.529	0.4894	0.5032	0.0555		
		0.4854	0.474	0.4826	0.4686	0.4033	0.452	0.4916	0.4905	0.5089	0.508	0.478	0.0529		
		0.4855	0.4881	0.4173	0.4996	0.4659	0.4793	0.5363	0.5282	0.5064	0.0424	0.0537	0.0527		
		0.4828	0.453	0.4351	0.486	0.4969	0.4314	0.441	0.4932	0.4243	0.3524	0.0527	0.0531		
		0.4868	0.4917	0.4325	0.4208	0.4852	0.4779	0.4578	0.4138	0.3546	0.6747	0.0524	0.0543		
		0.4752	0.4027	0.4782	0.3488	0.5124	0.4952	0.5437	0.4964	0.4804	0.9938	0.0536	0.0528		
		0.4808	0.486	0.4394	0.4822	0.5018	0.4785	0.4743	0.4995	0.456	1.2999	0.0524	0.0522		
		0.4804	0.5333	0.4222	0.4721	0.5025	0.4399	0.4211	0.4929	0.5214	1.5845	0.0529	0.0532		
		
5:00	37.00	0.4959	0.5034	0.4802	0.4858	0.4958	0.4563	0.4622	0.5161	0.5331	0.4851	0.5033	0.0557		
		0.4859	0.4778	0.4852	0.4734	0.4028	0.4526	0.4961	0.497	0.5097	0.5106	0.4787	0.0528		
		0.4895	0.4964	0.4316	0.5027	0.4684	0.484	0.5377	0.5278	0.5014	0.0423	0.0538	0.0526		
		0.4869	0.4553	0.438	0.4912	0.4996	0.4318	0.4461	0.4946	0.4229	0.3518	0.0527	0.053		
		0.4934	0.4934	0.4365	0.426	0.4908	0.4807	0.4637	0.4177	0.3598	0.6741	0.0524	0.0543		
		0.4791	0.4091	0.4833	0.3522	0.5221	0.4973	0.5576	0.495	0.4853	0.9931	0.0536	0.0528		
		0.4846	0.4898	0.4506	0.4849	0.5086	0.4697	0.4838	0.5008	0.4545	1.2982	0.0524	0.0521		
		0.4832	0.5453	0.4245	0.4724	0.5022	0.4434	0.4253	0.4935	0.5217	1.5831	0.0527	0.0531		
		
6:00	37.00	0.4982	0.5082	0.4834	0.4872	0.4988	0.4551	0.4558	0.516	0.5342	0.4748	0.4983	0.0555		
		0.4882	0.4809	0.4892	0.4758	0.4023	0.4546	0.4977	0.4843	0.511	0.5118	0.4771	0.0528		
		0.4926	0.4998	0.435	0.5013	0.4652	0.4879	0.5396	0.5286	0.4958	0.0423	0.0538	0.0526		
		0.4872	0.4581	0.4416	0.4921	0.5002	0.4324	0.4436	0.4953	0.4249	0.3515	0.0527	0.0531		
		0.4929	0.4928	0.4402	0.4307	0.4957	0.4826	0.4623	0.4189	0.3626	0.6736	0.0525	0.0543		
		0.4814	0.4104	0.4864	0.3567	0.5283	0.499	0.5707	0.4926	0.4859	0.9915	0.0536	0.0527		
		0.4864	0.4907	0.4557	0.4869	0.5141	0.472	0.4847	0.5018	0.4543	1.2964	0.0524	0.0521		
		0.4847	0.5551	0.4294	0.4769	0.4998	0.4422	0.4285	0.4922	0.5201	1.5812	0.0528	0.053		
		
7:00	37.00	0.4983	0.5024	0.484	0.4893	0.5022	0.462	0.4673	0.5144	0.5296	0.4716	0.4974	0.0556		
		0.4881	0.4816	0.4893	0.4754	0.4012	0.4545	0.498	0.4882	0.5106	0.5114	0.4789	0.053		
		0.4946	0.5052	0.4252	0.5071	0.467	0.4909	0.5399	0.5265	0.487	0.0422	0.0539	0.0527		
		0.4887	0.4653	0.4421	0.4941	0.5016	0.4309	0.4484	0.4913	0.4232	0.3513	0.0526	0.0531		
		0.4971	0.4919	0.4388	0.4347	0.4992	0.4828	0.4641	0.4109	0.3653	0.6722	0.0524	0.0543		
		0.4807	0.4161	0.4867	0.3591	0.5337	0.4988	0.5793	0.4917	0.483	0.9911	0.0536	0.0528		
		0.4853	0.4901	0.4563	0.4874	0.5153	0.4688	0.4913	0.5021	0.4471	1.2973	0.0524	0.0521		
		0.4855	0.5617	0.4261	0.4792	0.507	0.4525	0.4325	0.4962	0.52	1.5824	0.0527	0.0531		
		
8:00	37.00	0.4983	0.5051	0.4852	0.4865	0.4972	0.4662	0.4632	0.5085	0.5286	0.4713	0.4991	0.0556		
		0.4856	0.4829	0.4898	0.4782	0.4002	0.453	0.496	0.48	0.5102	0.5079	0.4795	0.053		
		0.4912	0.5048	0.4323	0.5258	0.4677	0.4902	0.5375	0.5257	0.4842	0.0422	0.0539	0.0527		
		0.4888	0.4623	0.4401	0.4939	0.5018	0.4294	0.4392	0.4955	0.4276	0.351	0.0527	0.0531		
		0.4958	0.4936	0.442	0.433	0.5006	0.4822	0.4639	0.4073	0.368	0.6718	0.0524	0.0542		
		0.4833	0.4171	0.4875	0.3587	0.5389	0.4986	0.596	0.4906	0.4852	0.9905	0.0537	0.0527		
		0.4864	0.4885	0.4546	0.4873	0.5169	0.4691	0.4955	0.5016	0.4452	1.2961	0.0524	0.0521		
		0.4852	0.5696	0.4292	0.4765	0.5062	0.4521	0.4314	0.4929	0.52	1.5818	0.0528	0.0531		
		
9:00	37.00	0.4973	0.5015	0.4858	0.4892	0.5062	0.4663	0.4676	0.504	0.523	0.471	0.4959	0.0557		
		0.4845	0.4832	0.4872	0.478	0.3991	0.4513	0.4947	0.4794	0.5096	0.5037	0.4768	0.0531		
		0.4909	0.5073	0.4347	0.5265	0.4669	0.4908	0.5368	0.524	0.4817	0.0421	0.0538	0.0526		
		0.4896	0.4663	0.4416	0.4934	0.5003	0.4276	0.4457	0.4964	0.4201	0.3504	0.0527	0.0531		
		0.4952	0.4921	0.4438	0.4357	0.5015	0.4826	0.463	0.4064	0.3702	0.6712	0.0525	0.0542		
		0.4797	0.4192	0.4877	0.3597	0.5429	0.4979	0.6057	0.4883	0.4812	0.9892	0.0536	0.0528		
		0.4848	0.4905	0.4607	0.4866	0.5151	0.4685	0.4986	0.4997	0.4493	1.2945	0.0524	0.0522		
		0.4832	0.5754	0.4283	0.4781	0.5031	0.4485	0.4294	0.5007	0.5157	1.5801	0.0527	0.0531		
		
10:00	37.00	0.4966	0.5036	0.4824	0.4872	0.5029	0.4755	0.4538	0.5015	0.521	0.4712	0.4943	0.0555		
		0.4823	0.4825	0.4872	0.4785	0.3974	0.451	0.494	0.4808	0.5074	0.4992	0.4772	0.0529		
		0.488	0.5067	0.4376	0.5224	0.4638	0.4933	0.5326	0.5219	0.479	0.0422	0.0538	0.0526		
		0.4858	0.4662	0.4404	0.4912	0.4941	0.4255	0.4458	0.4939	0.4227	0.3499	0.0527	0.053		
		0.4978	0.4893	0.4419	0.4394	0.5058	0.4836	0.4629	0.4065	0.3716	0.6699	0.0525	0.0542		
		0.4781	0.4187	0.4857	0.3577	0.547	0.4981	0.617	0.4872	0.486	0.9875	0.0536	0.0527		
		0.4838	0.4874	0.4611	0.4847	0.52	0.4707	0.508	0.4992	0.4492	1.2932	0.0524	0.0521		
		0.4841	0.5838	0.4284	0.4801	0.5013	0.4461	0.4302	0.5005	0.5116	1.5789	0.0527	0.0531		
		
11:00	37.00	0.4943	0.4986	0.4807	0.4869	0.5029	0.4611	0.4642	0.5021	0.5191	0.4695	0.493	0.0555		
		0.4782	0.4815	0.4838	0.481	0.3967	0.4462	0.491	0.4761	0.5051	0.4976	0.4751	0.053		
		0.4851	0.5069	0.449	0.5151	0.4583	0.4927	0.5281	0.5201	0.4736	0.0424	0.0538	0.0526		
		0.4859	0.4597	0.4405	0.4895	0.4964	0.4239	0.4454	0.492	0.4211	0.3499	0.0527	0.0531		
		0.4941	0.4889	0.4409	0.4421	0.5061	0.4821	0.4608	0.4034	0.3733	0.6695	0.0525	0.0543		
		0.4766	0.4172	0.4841	0.3585	0.5507	0.4987	0.6245	0.4857	0.484	0.9879	0.0536	0.0527		
		0.4821	0.4874	0.4619	0.4845	0.5189	0.466	0.5087	0.4955	0.4464	1.2938	0.0524	0.0521		
		0.4825	0.5894	0.4267	0.4786	0.497	0.4478	0.4289	0.4998	0.5089	1.5793	0.0527	0.0531		
		
12:00	37.00	0.4941	0.4949	0.4779	0.4844	0.5028	0.4617	0.4631	0.498	0.5193	0.4619	0.4873	0.0555		
		0.4799	0.4824	0.4831	0.4808	0.3957	0.4465	0.4888	0.4725	0.5026	0.4943	0.4724	0.0529		
		0.4827	0.5039	0.4556	0.5215	0.4579	0.4914	0.5247	0.5172	0.4665	0.0424	0.0538	0.0526		
		0.484	0.4663	0.4374	0.4883	0.4935	0.421	0.4478	0.4903	0.4193	0.3501	0.0526	0.0531		
		0.4872	0.4862	0.4431	0.4432	0.5073	0.4817	0.4608	0.396	0.3736	0.6683	0.0525	0.0542		
		0.4746	0.4221	0.4839	0.3605	0.5553	0.4982	0.636	0.4826	0.4862	0.9863	0.0535	0.0527		
		0.4816	0.4827	0.4587	0.4801	0.5157	0.4641	0.5149	0.496	0.4438	1.2912	0.0524	0.0521		
		0.4803	0.5972	0.4228	0.4792	0.494	0.4509	0.429	0.497	0.5055	1.578	0.0527	0.0531		
		
13:00	37.00	0.4932	0.493	0.4776	0.4871	0.5029	0.4619	0.4509	0.4949	0.5203	0.4604	0.4864	0.0555		
		0.4782	0.4844	0.4737	0.4771	0.3944	0.4468	0.4867	0.4688	0.5009	0.4931	0.4708	0.0528		
		0.4838	0.5083	0.4533	0.4957	0.4553	0.4922	0.5209	0.5139	0.459	0.0421	0.0538	0.0526		
		0.4814	0.46	0.4374	0.485	0.4924	0.4211	0.4397	0.4908	0.4195	0.3497	0.0527	0.053		
		0.486	0.4855	0.4451	0.446	0.508	0.4811	0.458	0.394	0.3735	0.6683	0.0526	0.0543		
		0.4728	0.4186	0.4813	0.3613	0.5576	0.4922	0.6444	0.4801	0.4847	0.9859	0.0536	0.0527		
		0.4798	0.4791	0.4625	0.482	0.5183	0.466	0.5143	0.4942	0.4431	1.292	0.0524	0.0521		
		0.4781	0.6054	0.4287	0.4771	0.4895	0.4465	0.4251	0.4952	0.5022	1.5794	0.0527	0.0531		
		
14:00	37.00	0.4904	0.4914	0.4748	0.4824	0.5035	0.4563	0.4578	0.4914	0.5155	0.4527	0.4807	0.0555		
		0.4739	0.4827	0.4764	0.4778	0.3937	0.4446	0.488	0.4641	0.4987	0.4907	0.4701	0.0531		
		0.4835	0.5078	0.4519	0.496	0.4519	0.4918	0.514	0.5121	0.4574	0.0421	0.0538	0.0526		
		0.4803	0.4588	0.4351	0.4831	0.488	0.4211	0.4448	0.4897	0.4143	0.3496	0.0527	0.053		
		0.4857	0.4833	0.4403	0.4447	0.5098	0.4813	0.457	0.3919	0.3738	0.6672	0.0525	0.0542		
		0.4699	0.4193	0.4808	0.3622	0.5611	0.4992	0.6558	0.4774	0.4779	0.9849	0.0536	0.0527		
		0.4776	0.4776	0.463	0.4793	0.5189	0.4654	0.5189	0.4931	0.4406	1.2898	0.0524	0.0521		
		0.4776	0.6127	0.4283	0.4766	0.4878	0.4539	0.4175	0.4935	0.4987	1.5786	0.0527	0.0531		
		
15:00	36.90	0.4881	0.4899	0.4708	0.4843	0.5032	0.4582	0.4614	0.4894	0.5144	0.4507	0.4808	0.0556		
		0.4723	0.4824	0.475	0.4802	0.3937	0.4443	0.4845	0.4669	0.4969	0.4875	0.4675	0.0529		
		0.4823	0.5014	0.4603	0.5268	0.4505	0.4946	0.5105	0.5091	0.4536	0.0422	0.0538	0.0526		
		0.4766	0.4613	0.4359	0.4798	0.4842	0.417	0.4439	0.4887	0.4165	0.349	0.0527	0.0531		
		0.4828	0.4833	0.4419	0.4473	0.5102	0.4811	0.4542	0.3939	0.375	0.6667	0.0527	0.0542		
		0.4665	0.4186	0.4772	0.3592	0.5634	0.5008	0.6633	0.4756	0.4802	0.9845	0.0538	0.0528		
		0.4783	0.4754	0.4611	0.4767	0.5159	0.4617	0.5236	0.4919	0.4383	1.2889	0.0523	0.0521		
		0.475	0.6194	0.4242	0.4755	0.483	0.4532	0.424	0.4921	0.494	1.5788	0.0526	0.053		
		
16:00	37.00	0.4891	0.4867	0.4675	0.4877	0.4978	0.4556	0.4552	0.4855	0.5113	0.4499	0.4756	0.0556		
		0.472	0.4814	0.4727	0.4793	0.3948	0.4416	0.4812	0.4645	0.4935	0.4865	0.4661	0.0529		
		0.4792	0.5054	0.4449	0.4976	0.448	0.4929	0.5054	0.508	0.4479	0.0425	0.0539	0.0526		
		0.4776	0.4571	0.433	0.4763	0.4802	0.4168	0.4436	0.4874	0.4097	0.3484	0.0527	0.0531		
		0.4829	0.4819	0.4459	0.445	0.5121	0.4791	0.4534	0.3922	0.373	0.6664	0.0527	0.0543		
		0.4635	0.4154	0.4752	0.3581	0.5664	0.4977	0.6751	0.4726	0.4899	0.9829	0.0537	0.0527		
		0.4757	0.4742	0.4645	0.4756	0.5174	0.4559	0.5247	0.4925	0.4375	1.2893	0.0524	0.0521		
		0.4752	0.6248	0.423	0.4751	0.4815	0.4569	0.4235	0.4901	0.4905	1.5786	0.0527	0.053		
		
17:00	36.90	0.4876	0.4809	0.4666	0.4839	0.4982	0.4532	0.4549	0.4823	0.5054	0.449	0.4761	0.0553		
		0.4703	0.481	0.4711	0.4775	0.3918	0.4431	0.478	0.4597	0.4917	0.4833	0.4618	0.0528		
		0.4727	0.4991	0.4472	0.4945	0.445	0.4958	0.5041	0.5074	0.443	0.0422	0.0538	0.0525		
		0.4747	0.4549	0.4251	0.4745	0.4782	0.4152	0.4458	0.4872	0.4097	0.3482	0.0527	0.0531		
		0.4761	0.4814	0.4468	0.4471	0.5106	0.4794	0.4509	0.3929	0.3745	0.6684	0.0527	0.0543		
		0.4601	0.4184	0.4704	0.3573	0.569	0.4931	0.685	0.4707	0.4851	0.9815	0.0536	0.0527		
		0.4723	0.4719	0.4596	0.4752	0.5178	0.4576	0.5311	0.4874	0.4332	1.2857	0.0524	0.052		
		0.4725	0.6308	0.4228	0.4724	0.4775	0.4528	0.4194	0.4873	0.4932	1.5782	0.0527	0.0531		
		
18:00	37.00	0.485	0.479	0.4646	0.4771	0.5017	0.4519	0.4546	0.4784	0.4997	0.4484	0.4748	0.0554		
		0.4582	0.483	0.4674	0.4767	0.3892	0.4399	0.4777	0.4571	0.4887	0.4846	0.462	0.0528		
		0.4732	0.4972	0.4467	0.4859	0.4449	0.4979	0.5013	0.5056	0.4423	0.0424	0.0539	0.0526		
		0.4703	0.4534	0.4248	0.4706	0.4718	0.4146	0.4423	0.4822	0.4104	0.3482	0.0527	0.053		
		0.4768	0.4815	0.4486	0.4456	0.5126	0.4822	0.451	0.3922	0.3736	0.6693	0.0528	0.0542		
		0.4558	0.4109	0.4728	0.3561	0.5713	0.491	0.6941	0.4679	0.4796	0.9831	0.0537	0.0527		
		0.473	0.4668	0.4635	0.4732	0.5183	0.4566	0.5335	0.4855	0.4346	1.2873	0.0523	0.052		
		0.4722	0.638	0.4222	0.4715	0.4743	0.4492	0.419	0.4834	0.4913	1.5794	0.0527	0.053		
		
19:00	37.00	0.4826	0.4753	0.4631	0.4713	0.4989	0.4499	0.4521	0.4741	0.4975	0.4479	0.4708	0.0555		
		0.4621	0.4805	0.461	0.4748	0.3893	0.4374	0.475	0.4555	0.4845	0.4782	0.459	0.0528		
		0.4717	0.4978	0.4542	0.4929	0.4411	0.5029	0.4969	0.5016	0.4383	0.0425	0.0539	0.0526		
		0.4723	0.4554	0.4221	0.4679	0.4696	0.4131	0.4434	0.4861	0.4062	0.348	0.0527	0.0531		
		0.4738	0.479	0.4472	0.4422	0.5125	0.4803	0.4479	0.3918	0.3741	0.67	0.0527	0.0542		
		0.448	0.4113	0.4681	0.3591	0.5746	0.4928	0.7029	0.4652	0.4833	0.9843	0.0536	0.0527		
		0.4697	0.4606	0.4615	0.47	0.5116	0.4538	0.5358	0.4812	0.4318	1.2895	0.0523	0.0521		
		0.4746	0.6444	0.4182	0.4684	0.4709	0.4539	0.4174	0.4805	0.4847	1.5794	0.0527	0.053		
		
20:00	37.00	0.4814	0.4739	0.4548	0.4721	0.499	0.4505	0.4514	0.472	0.4945	0.4475	0.4729	0.0556		
		0.4575	0.4822	0.4654	0.4768	0.3901	0.4357	0.4736	0.4572	0.4792	0.4759	0.4589	0.0529		
		0.4698	0.4967	0.4607	0.514	0.4407	0.5037	0.4987	0.4974	0.436	0.0422	0.0539	0.0525		
		0.4675	0.4518	0.4248	0.4651	0.4664	0.4118	0.4401	0.4872	0.4094	0.347	0.0527	0.0531		
		0.4678	0.478	0.4477	0.4447	0.5112	0.4759	0.4467	0.3913	0.3757	0.67	0.0527	0.0543		
		0.447	0.4095	0.4653	0.3495	0.579	0.4887	0.715	0.4648	0.4845	0.9825	0.0536	0.0527		
		0.4672	0.4615	0.4602	0.4715	0.5074	0.4486	0.5432	0.4784	0.4313	1.2848	0.0524	0.0521		
		0.4733	0.6506	0.418	0.4662	0.4682	0.449	0.411	0.4786	0.4768	1.579	0.0527	0.0531		
		
21:00	37.00	0.4806	0.4668	0.4516	0.4728	0.4982	0.4462	0.4515	0.4693	0.4898	0.4431	0.4707	0.0555		
		0.4517	0.4838	0.4629	0.4771	0.3905	0.437	0.4698	0.4541	0.4755	0.4766	0.4552	0.0528		
		0.4709	0.4941	0.4508	0.4807	0.4395	0.5019	0.4967	0.4697	0.4331	0.0425	0.0538	0.0526		
		0.4654	0.4504	0.4301	0.4627	0.4612	0.4138	0.4401	0.4845	0.403	0.3472	0.0527	0.053		
		0.476	0.4753	0.4447	0.4484	0.5124	0.4829	0.4456	0.3893	0.3721	0.6674	0.0527	0.0542		
		0.446	0.41	0.4621	0.351	0.5814	0.4826	0.7224	0.4632	0.4826	0.9823	0.0537	0.0527		
		0.461	0.4597	0.4488	0.4703	0.5221	0.4482	0.5444	0.4847	0.4278	1.2848	0.0523	0.052		
		0.4743	0.6574	0.4155	0.4637	0.4625	0.4578	0.4143	0.475	0.4751	1.5765	0.0527	0.0531		
		
22:00	37.00	0.4787	0.4673	0.4618	0.4708	0.4989	0.4444	0.4496	0.4656	0.4877	0.4404	0.473	0.0555		
		0.4501	0.4807	0.4615	0.4732	0.3874	0.4358	0.4664	0.4539	0.4759	0.4744	0.4539	0.0528		
		0.4746	0.493	0.4608	0.5211	0.4384	0.5025	0.4941	0.4924	0.4293	0.0424	0.0539	0.0525		
		0.4667	0.4427	0.4305	0.4587	0.4594	0.4089	0.4366	0.4849	0.3985	0.3473	0.0527	0.053		
		0.4722	0.4742	0.4474	0.4483	0.513	0.4903	0.4457	0.3924	0.3671	0.6668	0.0527	0.0542		
		0.4395	0.4064	0.4585	0.3531	0.5855	0.4877	0.7374	0.4627	0.478	0.9836	0.0537	0.0527		
		0.454	0.4585	0.4621	0.4684	0.5131	0.4489	0.5487	0.4924	0.4277	1.2872	0.0524	0.0521		
		0.4692	0.6646	0.4163	0.4628	0.4603	0.4522	0.4109	0.4718	0.472	1.5765	0.0526	0.0529		
		
23:00	37.00	0.4767	0.4648	0.4611	0.4695	0.4975	0.442	0.4469	0.4618	0.4839	0.4418	0.4722	0.0556		
		0.4467	0.4847	0.4605	0.4743	0.3881	0.4369	0.4617	0.4528	0.4756	0.4744	0.4533	0.0529		
		0.4749	0.4883	0.4546	0.4796	0.4358	0.5035	0.4799	0.4918	0.4248	0.0426	0.054	0.0527		
		0.4602	0.4545	0.4291	0.4568	0.4566	0.4085	0.4417	0.4826	0.4022	0.3468	0.0527	0.0531		
		0.4718	0.4735	0.4443	0.4508	0.5095	0.487	0.4406	0.3911	0.3677	0.6657	0.0527	0.0542		
		0.4397	0.4061	0.458	0.349	0.5891	0.482	0.7451	0.4611	0.4828	0.9816	0.0537	0.0527		
		0.4529	0.4527	0.4624	0.4665	0.5228	0.4466	0.5501	0.4886	0.4268	1.2889	0.0523	0.0521		
		0.4836	0.6694	0.4151	0.4608	0.4558	0.4506	0.4117	0.4698	0.468	1.5765	0.0527	0.0531		
		
24:00	37.00	0.4727	0.4688	0.4576	0.4662	0.4937	0.4427	0.444	0.4586	0.4829	0.4408	0.4731	0.0555		
		0.4431	0.4838	0.4508	0.4707	0.3882	0.4338	0.4625	0.4548	0.474	0.4743	0.4522	0.053		
		0.4744	0.4888	0.4645	0.4802	0.4354	0.5036	0.4698	0.489	0.4245	0.0424	0.0539	0.0526		
		0.4611	0.4548	0.4278	0.4541	0.4524	0.4088	0.4399	0.4813	0.3972	0.3468	0.0526	0.053		
		0.4664	0.4718	0.4434	0.4502	0.5133	0.4854	0.4423	0.3918	0.3798	0.6634	0.0527	0.0543		
		0.4372	0.406	0.4542	0.3474	0.5909	0.4813	0.7543	0.4584	0.4741	0.9812	0.0536	0.0527		
		0.4754	0.451	0.4576	0.465	0.5244	0.445	0.5519	0.4837	0.4237	1.2857	0.0524	0.0521		
		0.4896	0.675	0.4101	0.4567	0.4528	0.4552	0.4111	0.4679	0.4651	1.5748	0.0528	0.0531		
		
25:00	37.00	0.4754	0.4596	0.4537	0.4655	0.4963	0.4381	0.4458	0.4568	0.4807	0.4407	0.4685	0.0554		
		0.4373	0.4883	0.4541	0.467	0.3886	0.4301	0.4592	0.4531	0.4751	0.472	0.4512	0.0527		
		0.4762	0.4881	0.4633	0.4938	0.4338	0.5035	0.4815	0.4857	0.4252	0.0426	0.0539	0.0526		
		0.4731	0.4537	0.4244	0.4519	0.4494	0.4058	0.439	0.4792	0.3996	0.3476	0.0527	0.053		
		0.4646	0.4706	0.4413	0.4515	0.5135	0.4816	0.4399	0.3896	0.3825	0.6672	0.0529	0.0542		
		0.4341	0.4029	0.4519	0.3458	0.5913	0.4788	0.763	0.4559	0.4754	0.9806	0.0537	0.0527		
		0.4717	0.4484	0.4625	0.4625	0.5218	0.436	0.5624	0.4851	0.4224	1.2857	0.0524	0.0521		
		0.4904	0.6828	0.4141	0.4565	0.4515	0.4527	0.41	0.4653	0.4597	1.5746	0.0527	0.053		
		
26:00	37.00	0.4717	0.4587	0.4502	0.4648	0.4886	0.4383	0.4386	0.4525	0.4775	0.4436	0.4701	0.0555		
		0.4336	0.482	0.4495	0.4667	0.39	0.4305	0.4587	0.4571	0.4706	0.4754	0.4515	0.053		
		0.4702	0.4817	0.4569	0.4962	0.4307	0.5052	0.4798	0.4803	0.4221	0.0425	0.0539	0.0527		
		0.472	0.4516	0.4241	0.4494	0.4456	0.4089	0.4398	0.4783	0.397	0.3483	0.0527	0.053		
		0.4587	0.4685	0.4424	0.4459	0.515	0.4791	0.4366	0.3904	0.3917	0.6665	0.0527	0.0543		
		0.4333	0.4027	0.4491	0.3491	0.5838	0.4785	0.778	0.4549	0.4702	0.98	0.0537	0.0527		
		0.468	0.4473	0.4617	0.4629	0.5182	0.44	0.5628	0.4832	0.4189	1.2862	0.0524	0.0521		
		0.4887	0.6874	0.4096	0.4522	0.4457	0.4542	0.4095	0.4616	0.4578	1.5745	0.0528	0.0531		
		
27:00	37.00	0.4827	0.4529	0.4472	0.4617	0.4958	0.4363	0.4362	0.4493	0.4747	0.4415	0.4734	0.0555		
		0.4341	0.4828	0.4449	0.4697	0.3861	0.4303	0.4551	0.4568	0.4713	0.4714	0.4533	0.0529		
		0.4724	0.4861	0.4542	0.4884	0.4273	0.5073	0.477	0.4798	0.4209	0.0425	0.054	0.0525		
		0.4711	0.4456	0.4253	0.4457	0.4439	0.4089	0.436	0.4732	0.3953	0.3483	0.0527	0.053		
		0.4564	0.4674	0.441	0.446	0.5131	0.4775	0.4354	0.3862	0.3907	0.6657	0.0528	0.0542		
		0.4307	0.4019	0.4478	0.3436	0.5868	0.477	0.7851	0.4534	0.4715	0.9799	0.0537	0.0527		
		0.4598	0.4445	0.4554	0.4606	0.5181	0.4357	0.5723	0.4802	0.4199	1.2869	0.0524	0.0521		
		0.4877	0.6931	0.4114	0.447	0.4422	0.4556	0.4074	0.4613	0.4535	1.5732	0.0528	0.0531		
		
28:00	37.00	0.4758	0.4484	0.4463	0.4611	0.4968	0.4349	0.4413	0.4488	0.4756	0.4405	0.4701	0.0556		
		0.4316	0.4857	0.4445	0.479	0.3848	0.4273	0.4514	0.4537	0.4662	0.473	0.4503	0.053		
		0.4696	0.4851	0.4578	0.4857	0.4232	0.5083	0.4715	0.4739	0.4199	0.0424	0.0539	0.0526		
		0.4675	0.4468	0.4243	0.442	0.4398	0.4044	0.4325	0.4736	0.3964	0.3482	0.0527	0.053		
		0.4519	0.4651	0.441	0.4446	0.5151	0.477	0.4354	0.3839	0.3876	0.6646	0.0527	0.0542		
		0.4374	0.3988	0.4445	0.3442	0.5837	0.4726	0.7943	0.4525	0.4661	0.9789	0.0536	0.0527		
		0.4631	0.4452	0.4579	0.4596	0.5167	0.439	0.5687	0.4755	0.4167	1.287	0.0524	0.0521		
		0.487	0.6965	0.4129	0.4719	0.4409	0.4534	0.4058	0.4601	0.4502	1.5729	0.0527	0.0531		
		
29:00	37.00	0.4714	0.4525	0.4457	0.4575	0.4944	0.4313	0.4399	0.4444	0.474	0.4406	0.47	0.0555		
		0.4278	0.4834	0.4434	0.4756	0.3829	0.4298	0.4488	0.4557	0.4618	0.47	0.4475	0.0529		
		0.4736	0.4831	0.4646	0.4835	0.4222	0.5078	0.4677	0.473	0.4217	0.0423	0.0539	0.0526		
		0.4617	0.4447	0.4208	0.4401	0.4368	0.4023	0.4339	0.4725	0.3947	0.3483	0.0527	0.0531		
		0.4467	0.4646	0.4413	0.4494	0.5164	0.4751	0.4346	0.3877	0.3925	0.6648	0.0528	0.0542		
		0.443	0.3973	0.4422	0.3413	0.5916	0.4701	0.8056	0.4464	0.4671	0.9779	0.0536	0.0528		
		0.4605	0.4443	0.4604	0.4602	0.517	0.4379	0.5796	0.4757	0.4167	1.2887	0.0523	0.0521		
		0.4867	0.7037	0.4115	0.4694	0.4382	0.4475	0.4034	0.4568	0.4474	1.5739	0.0527	0.0529		
		
30:00	37.00	0.4759	0.4465	0.449	0.4581	0.4935	0.4318	0.4297	0.4419	0.4714	0.4405	0.4673	0.0555		
		0.4261	0.478	0.4411	0.4646	0.383	0.4274	0.4469	0.4601	0.4586	0.4703	0.4462	0.0529		
		0.4721	0.4835	0.4642	0.4838	0.4207	0.5116	0.4657	0.471	0.4149	0.0423	0.054	0.0525		
		0.4592	0.4422	0.4177	0.4405	0.4335	0.3955	0.4306	0.4725	0.3939	0.3484	0.0528	0.053		
		0.4453	0.4645	0.4424	0.4459	0.5151	0.4735	0.4337	0.3809	0.39	0.6644	0.0529	0.0542		
		0.4355	0.3961	0.4387	0.3379	0.6224	0.4724	0.819	0.4444	0.4611	0.9785	0.0536	0.0527		
		0.4559	0.4396	0.4627	0.4558	0.5159	0.4372	0.5813	0.4755	0.4161	1.2886	0.0524	0.0521		
		0.4901	0.7101	0.4117	0.4659	0.4329	0.454	0.4038	0.4547	0.4444	1.5732	0.0527	0.0529		
		
31:00	37.00	0.4723	0.4422	0.4389	0.4543	0.4921	0.4247	0.431	0.4399	0.4696	0.4417	0.4675	0.0555		
		0.4236	0.4824	0.4407	0.4667	0.3831	0.4268	0.443	0.4572	0.4609	0.4701	0.4429	0.0529		
		0.4716	0.4811	0.4591	0.4821	0.42	0.5121	0.4629	0.4658	0.4194	0.0424	0.0539	0.0525		
		0.4594	0.4414	0.421	0.4381	0.4308	0.3988	0.4327	0.4708	0.3919	0.3483	0.0527	0.0531		
		0.4461	0.4628	0.4403	0.4533	0.5171	0.4748	0.4298	0.3878	0.3923	0.6631	0.0528	0.0543		
		0.4332	0.3977	0.4385	0.3378	0.6164	0.4656	0.8236	0.4442	0.466	0.9752	0.0537	0.0527		
		0.4549	0.4371	0.462	0.4541	0.5115	0.4327	0.5864	0.4736	0.4156	1.283	0.0524	0.0522		
		0.4874	0.7144	0.4077	0.4648	0.4303	0.4534	0.4029	0.4517	0.4404	1.5729	0.0527	0.053		
		
32:00	37.00	0.4694	0.4436	0.4363	0.4493	0.4955	0.4191	0.4365	0.4351	0.4673	0.4406	0.4662	0.0555		
		0.4199	0.4906	0.4373	0.4683	0.3786	0.4217	0.4452	0.4604	0.4574	0.4704	0.4445	0.0529		
		0.4725	0.4766	0.4727	0.4813	0.4209	0.5122	0.4611	0.4629	0.4138	0.0424	0.0539	0.0526		
		0.4594	0.4409	0.4191	0.4351	0.428	0.3986	0.432	0.4733	0.3904	0.3485	0.0527	0.053		
		0.4442	0.4642	0.4419	0.4521	0.5159	0.4715	0.4323	0.3809	0.3938	0.6634	0.0528	0.0542		
		0.4281	0.3947	0.4355	0.3346	0.6198	0.4657	0.8366	0.4437	0.4603	0.9771	0.0536	0.0526		
		0.45	0.4308	0.4583	0.4547	0.5126	0.4309	0.5889	0.4698	0.4109	1.2855	0.0524	0.0521		
		0.4867	0.7218	0.4049	0.4597	0.428	0.4517	0.3983	0.4501	0.4363	1.5711	0.0528	0.0531		
		
33:00	37.00	0.47	0.4403	0.4339	0.4468	0.4939	0.4282	0.4356	0.4352	0.4633	0.443	0.464	0.0555		
		0.4188	0.483	0.4336	0.4694	0.3739	0.425	0.4394	0.4574	0.4569	0.4703	0.4375	0.0528		
		0.4723	0.4781	0.4645	0.4958	0.421	0.5105	0.4584	0.462	0.4143	0.0424	0.0539	0.0526		
		0.4574	0.4377	0.4161	0.4358	0.4262	0.3936	0.4297	0.4722	0.3904	0.3483	0.0527	0.053		
		0.4365	0.4627	0.4417	0.4519	0.5168	0.4727	0.4283	0.3753	0.3929	0.6627	0.0528	0.0542		
		0.4247	0.3931	0.433	0.3334	0.6222	0.4657	0.8417	0.4435	0.4553	0.9755	0.0536	0.0526		
		0.4511	0.4329	0.4594	0.4574	0.5114	0.4258	0.5928	0.4727	0.4104	1.2852	0.0523	0.0521		
		0.4858	0.7306	0.4075	0.4584	0.4247	0.4519	0.3998	0.4496	0.4353	1.5701	0.0526	0.0529		
		
34:00	36.90	0.4671	0.4384	0.4323	0.4444	0.4937	0.4234	0.4288	0.4338	0.4577	0.4409	0.4613	0.0555		
		0.4187	0.4778	0.4309	0.4665	0.3704	0.4243	0.4388	0.4619	0.454	0.4703	0.4231	0.0529		
		0.4741	0.4684	0.4638	0.5016	0.4169	0.5146	0.4551	0.4607	0.4146	0.0424	0.0539	0.0526		
		0.4538	0.4373	0.4157	0.4314	0.4248	0.3963	0.4294	0.4713	0.391	0.3483	0.0527	0.0531		
		0.4364	0.4625	0.442	0.4666	0.516	0.4693	0.4324	0.3792	0.3958	0.662	0.0528	0.0542		
		0.422	0.3933	0.4295	0.3328	0.6245	0.463	0.8523	0.4369	0.4608	0.9747	0.0537	0.0528		
		0.4479	0.426	0.4606	0.4608	0.5114	0.4264	0.5973	0.4678	0.411	1.2866	0.0523	0.0521		
		0.4857	0.7362	0.4062	0.4519	0.4231	0.4566	0.4001	0.4455	0.4319	1.5708	0.0527	0.0531		
		
35:00	37.00	0.4634	0.4394	0.4302	0.4434	0.4937	0.4216	0.4257	0.4311	0.4529	0.44	0.459	0.0555		
		0.417	0.4883	0.4308	0.4667	0.3667	0.4181	0.4354	0.463	0.4511	0.4678	0.4087	0.0529		
		0.4732	0.4581	0.4683	0.4956	0.4109	0.5152	0.4519	0.458	0.4136	0.0421	0.054	0.0527		
		0.4546	0.4385	0.4119	0.4261	0.4227	0.3902	0.4274	0.4709	0.3866	0.3486	0.0527	0.0531		
		0.4295	0.4597	0.4386	0.4783	0.5194	0.4679	0.4301	0.3761	0.3967	0.6626	0.0528	0.0542		
		0.4213	0.3914	0.4293	0.3321	0.6291	0.4617	0.8636	0.4219	0.4553	0.9752	0.0537	0.0528		
		0.4469	0.4211	0.4593	0.4708	0.5084	0.4257	0.6058	0.466	0.4099	1.2866	0.0524	0.0521		
		0.4845	0.7421	0.4036	0.4516	0.4228	0.453	0.3981	0.4429	0.43	1.5719	0.0527	0.0531		
		
36:00	37.00	0.4645	0.4325	0.4293	0.4419	0.4931	0.4218	0.4319	0.426	0.4502	0.4413	0.4564	0.0555		
		0.4136	0.5069	0.4295	0.4677	0.3638	0.4241	0.4344	0.4628	0.4534	0.4711	0.392	0.0528		
		0.4751	0.4594	0.4599	0.4941	0.4109	0.5155	0.4483	0.4552	0.4111	0.042	0.054	0.0526		
		0.4522	0.4368	0.4132	0.4259	0.4198	0.3878	0.4276	0.4687	0.3861	0.3484	0.0526	0.053		
		0.4299	0.452	0.4393	0.482	0.5198	0.4671	0.4241	0.3751	0.3959	0.6619	0.0529	0.0542		
		0.4164	0.3909	0.4262	0.3291	0.6339	0.4582	0.8708	0.4103	0.4529	0.9748	0.0538	0.0527		
		0.4456	0.4169	0.4596	0.4776	0.5105	0.4242	0.609	0.4638	0.4106	1.2884	0.0523	0.0521		
		0.4871	0.7475	0.4021	0.4497	0.4204	0.4564	0.3983	0.4404	0.4278	1.5711	0.0526	0.053		
		
37:00	37.00	0.4617	0.4344	0.4243	0.439	0.4935	0.4193	0.4287	0.4265	0.4419	0.4411	0.4432	0.0555		
		0.4107	0.502	0.4264	0.4645	0.3674	0.4219	0.4323	0.4647	0.451	0.4687	0.3869	0.0529		
		0.4748	0.4757	0.4628	0.466	0.409	0.5179	0.4455	0.4533	0.4095	0.042	0.054	0.0526		
		0.4551	0.4371	0.4141	0.4223	0.4176	0.3874	0.4228	0.4689	0.3843	0.3484	0.0527	0.0531		
		0.4334	0.4405	0.4407	0.4746	0.5182	0.4661	0.4234	0.3792	0.3965	0.6608	0.0528	0.0543		
		0.4149	0.3889	0.4251	0.3297	0.6376	0.4578	0.8813	0.4365	0.4559	0.9737	0.0536	0.0527		
		0.442	0.4144	0.4596	0.4773	0.5092	0.422	0.6152	0.4628	0.4075	1.2852	0.0525	0.0521		
		0.4845	0.7835	0.4038	0.4502	0.4179	0.4538	0.3954	0.4393	0.4255	1.5689	0.0527	0.053		
		
38:00	37.00	0.46	0.4254	0.4319	0.4471	0.4928	0.4199	0.4322	0.4233	0.4346	0.4375	0.4387	0.0556		
		0.4096	0.5052	0.426	0.4643	0.3596	0.4209	0.4302	0.4638	0.452	0.4679	0.3727	0.0529		
		0.4734	0.4844	0.47	0.4869	0.4043	0.5162	0.4441	0.4521	0.4124	0.042	0.0541	0.0526		
		0.4499	0.4371	0.4115	0.4218	0.4165	0.3888	0.4252	0.4697	0.3856	0.3481	0.0527	0.053		
		0.4275	0.4362	0.4393	0.4749	0.5207	0.4643	0.4233	0.3826	0.3976	0.6615	0.0529	0.0542		
		0.4139	0.389	0.4216	0.3274	0.6419	0.4546	0.8948	0.4466	0.4562	0.973	0.0537	0.0527		
		0.4418	0.4332	0.4585	0.4735	0.5052	0.4233	0.6219	0.4625	0.4044	1.2852	0.0524	0.0521		
		0.4808	0.8328	0.4026	0.4448	0.4141	0.4521	0.3924	0.4362	0.4226	1.5684	0.0527	0.0531		
		
39:00	37.00	0.4611	0.4271	0.4262	0.4443	0.4922	0.4173	0.4316	0.4242	0.4294	0.4342	0.4254	0.0555		
		0.4067	0.4976	0.4246	0.4613	0.3592	0.4201	0.4289	0.4615	0.4453	0.4703	0.3644	0.0527		
		0.4771	0.4847	0.4709	0.4751	0.4045	0.5188	0.44	0.4506	0.4086	0.0419	0.054	0.0526		
		0.4536	0.4346	0.4141	0.4213	0.4111	0.3802	0.4246	0.4668	0.3832	0.3482	0.0527	0.053		
		0.4285	0.4357	0.4398	0.4783	0.5201	0.4615	0.4219	0.3825	0.3978	0.6632	0.0529	0.0542		
		0.4071	0.3887	0.4219	0.3255	0.6441	0.4536	0.9018	0.4332	0.4528	0.9729	0.0536	0.0527		
		0.4383	0.4509	0.4593	0.4699	0.5074	0.4179	0.6276	0.4597	0.4077	1.2873	0.0524	0.0522		
		0.488	0.8226	0.4027	0.4468	0.4126	0.4554	0.3957	0.4361	0.4193	1.5686	0.0527	0.053		
		
40:00	37.00	0.4587	0.4248	0.4226	0.4436	0.4941	0.4157	0.4272	0.4216	0.422	0.4331	0.4161	0.0556		
		0.4073	0.5072	0.4195	0.4624	0.3554	0.4185	0.4267	0.4566	0.4452	0.4696	0.3817	0.0528		
		0.4805	0.4738	0.4677	0.4744	0.4019	0.5168	0.4378	0.4477	0.4081	0.042	0.054	0.0526		
		0.4516	0.4367	0.4144	0.4179	0.4108	0.3841	0.422	0.4688	0.3846	0.3487	0.0527	0.053		
		0.4259	0.4696	0.4377	0.476	0.5203	0.4615	0.4243	0.3881	0.3993	0.6634	0.0529	0.0542		
		0.4071	0.385	0.4195	0.3261	0.6513	0.4553	0.9086	0.4407	0.4489	0.9731	0.0537	0.0527		
		0.4382	0.4374	0.4608	0.4669	0.5062	0.4147	0.6285	0.4616	0.4066	1.2904	0.0523	0.0521		
		0.484	0.8255	0.4032	0.4434	0.4086	0.4555	0.3928	0.4331	0.4196	1.5704	0.0527	0.053		
		
41:00	37.00	0.4604	0.4248	0.4272	0.4411	0.4929	0.4153	0.429	0.4188	0.4196	0.4258	0.4144	0.0555		
		0.404	0.5051	0.4187	0.4617	0.3518	0.4168	0.4253	0.454	0.4426	0.4691	0.4132	0.0527		
		0.4825	0.4784	0.4712	0.4901	0.3965	0.5155	0.4367	0.4466	0.408	0.0421	0.0539	0.0525		
		0.452	0.4332	0.4093	0.4167	0.4084	0.384	0.425	0.4684	0.3827	0.3488	0.0526	0.053		
		0.4239	0.473	0.4384	0.474	0.519	0.4617	0.4205	0.3873	0.4003	0.6629	0.0529	0.0542		
		0.4031	0.3845	0.4176	0.3243	0.653	0.4485	0.9215	0.4353	0.445	0.9735	0.0537	0.0527		
		0.4346	0.4447	0.46	0.4655	0.5069	0.416	0.6384	0.4584	0.4059	1.2882	0.0523	0.0521		
		0.4864	0.8217	0.4033	0.441	0.4083	0.4605	0.3937	0.4301	0.417	1.5699	0.0527	0.053		
		
42:00	37.00	0.4563	0.4246	0.4234	0.439	0.4952	0.4129	0.4265	0.4161	0.4463	0.4189	0.4099	0.0555		
		0.4028	0.4916	0.4196	0.4581	0.3484	0.417	0.4226	0.4457	0.4412	0.4644	0.4517	0.0528		
		0.4811	0.4799	0.4697	0.4765	0.4	0.5185	0.4347	0.4452	0.4075	0.042	0.054	0.0526		
		0.4487	0.4309	0.4085	0.4145	0.4069	0.3857	0.4208	0.4666	0.3844	0.349	0.0526	0.053		
		0.4262	0.4621	0.4399	0.4698	0.523	0.4595	0.4179	0.3883	0.4018	0.6644	0.0528	0.0542		
		0.4036	0.3827	0.4181	0.3242	0.6597	0.4494	0.9296	0.4327	0.4499	0.9762	0.0537	0.0526		
		0.4382	0.4387	0.4595	0.4644	0.5065	0.415	0.6422	0.4593	0.4052	1.2865	0.0524	0.0521		
		0.4855	0.818	0.4003	0.4403	0.4064	0.456	0.3898	0.431	0.4133	1.5672	0.0526	0.053		
		
43:00	37.00	0.4554	0.4164	0.4151	0.4329	0.4911	0.4113	0.4215	0.4151	0.4571	0.4137	0.4174	0.0555		
		0.4001	0.4952	0.4182	0.4588	0.3506	0.4165	0.4218	0.4528	0.442	0.4615	0.4388	0.053		
		0.4792	0.4759	0.4671	0.4565	0.4044	0.5208	0.4317	0.442	0.4094	0.042	0.054	0.0526		
		0.4502	0.4257	0.41	0.4121	0.4048	0.3943	0.4172	0.4673	0.383	0.3491	0.0527	0.0531		
		0.4208	0.4588	0.443	0.4706	0.5231	0.4577	0.4182	0.3846	0.4025	0.6647	0.0529	0.0542		
		0.3992	0.3855	0.416	0.3222	0.6645	0.4499	0.9361	0.4271	0.4434	0.9771	0.0536	0.0527		
		0.4344	0.4358	0.4597	0.4651	0.5068	0.4118	0.6464	0.4581	0.4051	1.2862	0.0524	0.0522		
		0.4841	0.8235	0.3997	0.4391	0.404	0.4535	0.3897	0.4271	0.4105	1.5677	0.0527	0.0532		
		
44:00	37.00	0.4566	0.4192	0.417	0.4387	0.4933	0.4107	0.4233	0.4145	0.455	0.4079	0.4117	0.0554		
		0.3998	0.4969	0.4154	0.4585	0.3498	0.4161	0.4208	0.4467	0.44	0.4511	0.4424	0.0528		
		0.4822	0.4762	0.4721	0.4604	0.4224	0.5231	0.4308	0.4395	0.4038	0.0419	0.0539	0.0526		
		0.4497	0.4344	0.4068	0.4099	0.4012	0.3966	0.417	0.4647	0.3808	0.3488	0.0526	0.053		
		0.4187	0.4568	0.4396	0.4709	0.5241	0.4561	0.4194	0.3816	0.402	0.6643	0.0529	0.0542		
		0.3971	0.3821	0.4124	0.3192	0.6692	0.4482	0.9468	0.4278	0.4433	0.9829	0.0536	0.0527		
		0.4349	0.4368	0.4627	0.4636	0.5076	0.411	0.6497	0.4537	0.3996	1.2862	0.0523	0.052		
		0.4857	0.8241	0.3985	0.4377	0.4018	0.4569	0.3886	0.425	0.4075	1.5682	0.0527	0.0529		
		
45:00	37.00	0.4546	0.417	0.4162	0.435	0.4935	0.4098	0.4242	0.411	0.4569	0.3972	0.4231	0.0555		
		0.397	0.4965	0.4122	0.4591	0.3437	0.4131	0.4178	0.4457	0.4396	0.4413	0.434	0.0529		
		0.4837	0.4718	0.4733	0.4495	0.4258	0.5243	0.4282	0.4373	0.407	0.0419	0.0539	0.0526		
		0.4485	0.4289	0.4058	0.4109	0.3996	0.4147	0.4186	0.4646	0.3801	0.3495	0.0526	0.053		
		0.4113	0.4569	0.4428	0.4743	0.5252	0.456	0.4183	0.378	0.4032	0.664	0.0529	0.0542		
		0.3971	0.3823	0.4113	0.3206	0.6716	0.4414	0.9545	0.428	0.4406	0.9807	0.0536	0.0527		
		0.4301	0.4343	0.4637	0.4622	0.5058	0.4085	0.6562	0.4532	0.4027	1.2884	0.0524	0.0521		
		0.4872	0.8343	0.4011	0.4357	0.3963	0.4506	0.3843	0.4237	0.4064	1.5677	0.0527	0.053		
		
46:00	37.00	0.4551	0.4186	0.4118	0.4342	0.4953	0.4071	0.4222	0.4105	0.4457	0.3888	0.4407	0.0554		
		0.3974	0.497	0.4115	0.4547	0.3415	0.4151	0.4166	0.4438	0.4383	0.4265	0.4259	0.0529		
		0.4814	0.4703	0.4726	0.4706	0.4229	0.5236	0.4264	0.4373	0.4015	0.0421	0.054	0.0525		
		0.4499	0.4282	0.4086	0.4089	0.3959	0.4165	0.4211	0.4659	0.3769	0.3493	0.0527	0.0531		
		0.4128	0.455	0.444	0.4722	0.5285	0.454	0.4177	0.3854	0.4053	0.664	0.0529	0.0541		
		0.3951	0.3811	0.4115	0.3188	0.6772	0.4428	0.9636	0.4278	0.441	0.9788	0.0536	0.0527		
		0.4267	0.4278	0.4602	0.4601	0.5069	0.4105	0.661	0.4541	0.4006	1.2868	0.0524	0.0521		
		0.4914	0.8406	0.3992	0.4364	0.3972	0.4554	0.3864	0.4205	0.4025	1.566	0.0527	0.053		
		
47:00	37.00	0.4551	0.4153	0.4093	0.4311	0.4935	0.4066	0.4244	0.4092	0.4436	0.3835	0.4319	0.0555		
		0.395	0.4943	0.4126	0.4579	0.3395	0.4126	0.415	0.4323	0.4369	0.3983	0.4315	0.0528		
		0.4827	0.466	0.4716	0.4767	0.4111	0.5259	0.4256	0.4323	0.3923	0.042	0.054	0.0525		
		0.4499	0.4326	0.4025	0.4048	0.3951	0.4139	0.4192	0.4646	0.3776	0.3495	0.0527	0.053		
		0.4105	0.4521	0.4426	0.4762	0.5261	0.4511	0.4182	0.3729	0.4069	0.6638	0.0529	0.0542		
		0.3956	0.3797	0.4079	0.3173	0.6814	0.4457	0.974	0.4255	0.4401	0.9786	0.0536	0.0527		
		0.427	0.426	0.4614	0.4599	0.5041	0.4081	0.6626	0.4524	0.4018	1.2843	0.0523	0.0521		
		0.4899	0.8501	0.3976	0.4366	0.3947	0.4549	0.3868	0.4191	0.4038	1.5647	0.0526	0.053		
		
48:00	37.00	0.4538	0.4154	0.4166	0.4339	0.4946	0.4038	0.4232	0.4054	0.4381	0.3789	0.4584	0.0555		
		0.3887	0.4975	0.4094	0.4553	0.3304	0.4144	0.4141	0.4202	0.436	0.3795	0.4276	0.0527		
		0.4867	0.4666	0.4742	0.4594	0.4198	0.526	0.4221	0.4315	0.3841	0.0422	0.0541	0.0525		
		0.4492	0.4243	0.4074	0.4036	0.3942	0.4215	0.4163	0.4661	0.3765	0.3487	0.0528	0.053		
		0.4118	0.454	0.4393	0.4793	0.5296	0.451	0.4169	0.3738	0.4086	0.6634	0.0529	0.0542		
		0.3923	0.3775	0.4077	0.3159	0.6868	0.4439	0.9814	0.4237	0.4424	0.9781	0.0537	0.0527		
		0.4299	0.4324	0.4651	0.4586	0.5022	0.4085	0.6667	0.4487	0.3985	1.2847	0.0524	0.0521		
		0.4934	0.8568	0.3946	0.4346	0.3924	0.454	0.3858	0.4168	0.4013	1.5662	0.0527	0.053		
		
49:00	36.90	0.4543	0.4129	0.4089	0.4312	0.4965	0.4056	0.4224	0.4055	0.4399	0.3724	0.4726	0.0555		
		0.3903	0.4949	0.4092	0.4556	0.3263	0.4094	0.4136	0.4193	0.4336	0.3748	0.4239	0.0528		
		0.4898	0.4611	0.4741	0.4804	0.4128	0.5247	0.4209	0.4313	0.3754	0.0421	0.0541	0.0526		
		0.4463	0.4231	0.4054	0.4046	0.3925	0.418	0.4159	0.4656	0.3756	0.3492	0.0526	0.053		
		0.4119	0.4545	0.4427	0.4777	0.5271	0.4494	0.4185	0.3703	0.4075	0.663	0.0529	0.0542		
		0.3913	0.3807	0.4035	0.3157	0.6904	0.4431	0.9861	0.4238	0.4434	0.9786	0.0536	0.0526		
		0.4265	0.427	0.4623	0.4567	0.5066	0.41	0.6722	0.4432	0.3999	1.2851	0.0523	0.0521		
		0.4916	0.8645	0.3956	0.4356	0.3917	0.4569	0.3828	0.4167	0.3983	1.5667	0.0526	0.053		
		
50:00	37.00	0.4487	0.4081	0.4065	0.4288	0.4961	0.4029	0.421	0.4027	0.4381	0.3754	0.4986	0.0555		
		0.3878	0.499	0.4103	0.453	0.3167	0.4133	0.4095	0.4139	0.4327	0.3928	0.4225	0.0528		
		0.489	0.4616	0.4749	0.4542	0.4107	0.5288	0.4155	0.4298	0.3462	0.042	0.054	0.0526		
		0.4506	0.4286	0.4033	0.4029	0.3903	0.4076	0.4185	0.468	0.3728	0.349	0.0526	0.053		
		0.4056	0.4561	0.4436	0.4759	0.5293	0.4485	0.4156	0.3703	0.4074	0.6632	0.0529	0.0542		
		0.391	0.3734	0.4031	0.3151	0.694	0.4428	0.9982	0.4223	0.4394	0.9782	0.0536	0.0527		
		0.4236	0.4242	0.4622	0.4582	0.5059	0.4062	0.6774	0.4477	0.3968	1.2866	0.0523	0.0521		
		0.4907	0.8707	0.397	0.4312	0.3906	0.4573	0.3821	0.4139	0.399	1.5656	0.0527	0.053		
		
51:00	37.00	0.4531	0.4065	0.4193	0.4292	0.4971	0.4028	0.4216	0.4019	0.4301	0.3757	0.4823	0.0555		
		0.3883	0.4982	0.4103	0.4555	0.3155	0.4068	0.4067	0.406	0.435	0.3889	0.4257	0.0528		
		0.4888	0.4652	0.4789	0.4843	0.4116	0.5308	0.4153	0.4267	0.3248	0.042	0.054	0.0525		
		0.4459	0.4304	0.4029	0.3991	0.3882	0.399	0.4155	0.4664	0.3742	0.3487	0.0527	0.053		
		0.4104	0.4555	0.4412	0.4784	0.5287	0.4501	0.4144	0.3709	0.4086	0.6629	0.0529	0.0542		
		0.3887	0.3743	0.3995	0.3135	0.6981	0.4385	1.0042	0.4198	0.436	0.9784	0.0536	0.0526		
		0.4226	0.4236	0.4659	0.4569	0.5077	0.4078	0.6797	0.444	0.3967	1.2874	0.0524	0.052		
		0.4896	0.879	0.3966	0.4294	0.3882	0.4606	0.3819	0.4145	0.3944	1.565	0.0527	0.053		
		
52:00	37.00	0.4527	0.4073	0.4017	0.4288	0.4957	0.4025	0.4183	0.3994	0.4315	0.3949	0.4715	0.0555		
		0.3857	0.5025	0.4065	0.4531	0.3168	0.4127	0.4096	0.395	0.4304	0.3943	0.4274	0.0528		
		0.492	0.4577	0.4734	0.487	0.4086	0.5305	0.4142	0.4276	0.3035	0.0423	0.054	0.0526		
		0.4441	0.4287	0.4036	0.3987	0.3857	0.3954	0.4181	0.4656	0.3743	0.3491	0.0527	0.053		
		0.4047	0.4562	0.4368	0.4779	0.5325	0.4454	0.4098	0.3642	0.4091	0.6628	0.0529	0.0542		
		0.386	0.3768	0.4037	0.3138	0.706	0.44	1.0113	0.4209	0.4357	0.9783	0.0536	0.0526		
		0.4204	0.4229	0.4673	0.4556	0.5058	0.3986	0.6886	0.4406	0.3977	1.2843	0.0524	0.052		
		0.4929	0.8857	0.3948	0.4326	0.3866	0.4637	0.3779	0.4123	0.3933	1.5651	0.0527	0.0529		
		
53:00	37.00	0.4527	0.4065	0.4221	0.4274	0.4963	0.4002	0.4178	0.3987	0.4313	0.399	0.4609	0.0555		
		0.3849	0.497	0.4068	0.4531	0.3245	0.4096	0.4041	0.3812	0.4305	0.4066	0.4201	0.0528		
		0.4911	0.4607	0.4793	0.4632	0.4062	0.5334	0.4119	0.4256	0.3098	0.0422	0.054	0.0526		
		0.446	0.4298	0.4049	0.3943	0.3853	0.3886	0.4172	0.4596	0.3709	0.3488	0.0527	0.053		
		0.4044	0.454	0.4431	0.4775	0.531	0.444	0.41	0.3546	0.4122	0.6626	0.0529	0.0541		
		0.3839	0.3724	0.3979	0.3119	0.7093	0.4374	1.0203	0.4181	0.4345	0.9793	0.0536	0.0527		
		0.4227	0.4231	0.4667	0.4549	0.5059	0.3979	0.6943	0.4449	0.3963	1.2817	0.0524	0.0521		
		0.4941	0.8924	0.3948	0.4308	0.3802	0.4619	0.3758	0.409	0.391	1.565	0.0527	0.053		
		
54:00	37.00	0.4491	0.4058	0.4024	0.4241	0.4962	0.4002	0.4135	0.3987	0.4274	0.4077	0.4501	0.0553		
		0.3811	0.5001	0.4017	0.4552	0.3302	0.411	0.4038	0.3858	0.4286	0.4611	0.4198	0.0528		
		0.4887	0.4622	0.4805	0.4806	0.4023	0.5316	0.4127	0.4244	0.3262	0.0421	0.054	0.0525		
		0.4468	0.4257	0.4011	0.398	0.3828	0.3947	0.4126	0.4647	0.3717	0.3492	0.0527	0.053		
		0.4008	0.454	0.441	0.4748	0.533	0.4439	0.4097	0.3525	0.4142	0.662	0.0529	0.0542		
		0.381	0.3734	0.4027	0.3099	0.7146	0.435	1.0274	0.4233	0.4361	0.979	0.0536	0.0527		
		0.4203	0.4234	0.4649	0.4521	0.5061	0.3968	0.6935	0.4406	0.3982	1.2854	0.0523	0.0521		
		0.4943	0.8996	0.3938	0.4318	0.3816	0.4642	0.3768	0.4089	0.391	1.565	0.0526	0.0531		
		
55:00	37.00	0.4526	0.4035	0.4015	0.4227	0.4943	0.4005	0.4159	0.3954	0.4295	0.4459	0.4521	0.0556		
		0.3807	0.501	0.4042	0.4554	0.3292	0.4119	0.4021	0.3829	0.4294	0.4694	0.4155	0.0529		
		0.4898	0.4611	0.4741	0.4596	0.4019	0.5369	0.41	0.4213	0.3333	0.0421	0.0541	0.0526		
		0.4453	0.4307	0.4011	0.396	0.3808	0.3932	0.4103	0.4626	0.3711	0.3488	0.0527	0.0531		
		0.4007	0.4549	0.4422	0.4783	0.5336	0.4424	0.4098	0.3236	0.4151	0.662	0.0529	0.0542		
		0.3825	0.3707	0.3919	0.3113	0.7161	0.4311	1.0366	0.4209	0.4343	0.9798	0.0536	0.0527		
		0.4208	0.4201	0.4689	0.4533	0.5028	0.4001	0.7014	0.4447	0.3946	1.2807	0.0524	0.0522		
		0.4961	0.9079	0.3947	0.4306	0.3798	0.4659	0.3756	0.4099	0.3883	1.5643	0.0528	0.053		
		
56:00	37.00	0.4494	0.4018	0.3974	0.4245	0.497	0.4004	0.4159	0.3927	0.4264	0.4545	0.4425	0.0555		
		0.3802	0.5039	0.3988	0.4534	0.3338	0.4093	0.3965	0.3748	0.4242	0.4761	0.4199	0.0529		
		0.493	0.4525	0.4766	0.4756	0.4008	0.5364	0.406	0.4217	0.3476	0.0422	0.054	0.0525		
		0.4437	0.4231	0.402	0.3914	0.3804	0.3886	0.4131	0.4617	0.3699	0.3486	0.0527	0.0531		
		0.3999	0.4545	0.4422	0.4779	0.5362	0.4414	0.4118	0.3125	0.415	0.6623	0.053	0.0543		
		0.3796	0.3748	0.3972	0.3109	0.72	0.4344	1.042	0.4202	0.432	0.9789	0.0535	0.0527		
		0.4157	0.4213	0.4655	0.4518	0.5082	0.3977	0.7061	0.4429	0.3962	1.2778	0.0524	0.0521		
		0.4981	0.9139	0.3933	0.4277	0.3774	0.4671	0.3748	0.4056	0.3852	1.5641	0.0526	0.053		
		
57:00	37.00	0.4491	0.4005	0.4088	0.4243	0.4927	0.3967	0.4171	0.394	0.4232	0.4447	0.4452	0.0555		
		0.3771	0.501	0.3982	0.4539	0.3693	0.4088	0.3944	0.3766	0.425	0.4768	0.4173	0.0528		
		0.4945	0.4507	0.4776	0.4612	0.3988	0.5362	0.4056	0.4196	0.3871	0.0423	0.054	0.0525		
		0.4457	0.4279	0.4014	0.3913	0.377	0.3866	0.4155	0.4643	0.3687	0.3487	0.0527	0.053		
		0.3987	0.4493	0.4424	0.4768	0.5357	0.4407	0.4071	0.3023	0.418	0.6622	0.0529	0.0542		
		0.38	0.374	0.3936	0.3098	0.7261	0.4324	1.0515	0.4163	0.4288	0.9778	0.0536	0.0527		
		0.4152	0.4168	0.468	0.4557	0.5063	0.3981	0.7108	0.4386	0.3926	1.2778	0.0523	0.0521		
		0.498	0.9222	0.3948	0.4262	0.3772	0.4676	0.3722	0.403	0.3834	1.5629	0.0527	0.0531		
		
58:00	37.00	0.446	0.3972	0.3958	0.4231	0.4945	0.3982	0.4174	0.3918	0.4204	0.435	0.4435	0.0556		
		0.3765	0.5022	0.4006	0.455	0.3867	0.4071	0.3956	0.3709	0.4235	0.4671	0.4177	0.053		
		0.4941	0.4563	0.4725	0.4714	0.397	0.5396	0.4038	0.4165	0.4112	0.0423	0.0541	0.0526		
		0.4399	0.4233	0.3952	0.39	0.3772	0.3873	0.4105	0.4683	0.3691	0.3488	0.0527	0.0531		
		0.3954	0.457	0.4405	0.4775	0.538	0.44	0.4056	0.3029	0.4217	0.6621	0.053	0.0543		
		0.3766	0.3712	0.3961	0.3099	0.7313	0.429	1.0561	0.4135	0.43	0.9784	0.0536	0.0527		
		0.4142	0.4171	0.4677	0.4495	0.501	0.3976	0.7111	0.4369	0.3873	1.2792	0.0524	0.0522		
		0.5004	0.9294	0.3928	0.427	0.3744	0.4659	0.3693	0.4011	0.3818	1.5613	0.0528	0.0531		
		
59:00	37.00	0.4477	0.3986	0.3938	0.423	0.4945	0.3985	0.4134	0.3874	0.419	0.437	0.4423	0.0556		
		0.3732	0.5014	0.3981	0.4537	0.3847	0.4065	0.3938	0.3836	0.4231	0.4627	0.4124	0.0529		
		0.4985	0.4517	0.4712	0.4536	0.3976	0.54	0.4019	0.413	0.4117	0.0423	0.054	0.0525		
		0.4483	0.424	0.4016	0.3869	0.3764	0.3846	0.4125	0.4655	0.3654	0.3486	0.0527	0.053		
		0.3963	0.4563	0.4439	0.4809	0.5366	0.4378	0.4047	0.3091	0.4213	0.6628	0.0529	0.0542		
		0.3756	0.3706	0.3877	0.3073	0.736	0.4287	1.0666	0.4137	0.4303	0.9795	0.0537	0.0527		
		0.4144	0.4188	0.4682	0.4528	0.503	0.3973	0.7199	0.441	0.3898	1.28	0.0524	0.0521		
		0.5004	0.9371	0.3946	0.4282	0.3741	0.4665	0.3736	0.4	0.3807	1.562	0.0527	0.0531		
		
1:00:00	37.00	0.4508	0.3965	0.3996	0.4193	0.4979	0.3964	0.4109	0.3867	0.4213	0.4442	0.4393	0.0555		
		0.371	0.5019	0.3939	0.4513	0.3807	0.4073	0.3956	0.3781	0.4216	0.4566	0.4084	0.0528		
		0.4971	0.4561	0.4713	0.4685	0.3974	0.5373	0.404	0.4145	0.3921	0.0423	0.0541	0.0526		
		0.4428	0.4285	0.3974	0.3817	0.3724	0.3801	0.4102	0.4647	0.3657	0.3485	0.0528	0.053		
		0.393	0.4561	0.4425	0.4829	0.5376	0.4366	0.4085	0.3451	0.4199	0.6652	0.053	0.0541		
		0.3734	0.3693	0.389	0.3084	0.7401	0.4342	1.0703	0.4126	0.4256	0.9802	0.0537	0.0527		
		0.4137	0.4192	0.4728	0.455	0.502	0.3917	0.7252	0.4359	0.3884	1.2821	0.0523	0.052		
		0.4984	0.942	0.3903	0.424	0.3719	0.4672	0.3734	0.3979	0.3789	1.5613	0.0526	0.053		
		
Time(hh:mm:ss)	Temperature(°C)	1	2	3	4	5	6	7	8	9	10	11	12		
		-0.565119	-1.722131	-1.321994	-1.062882	0.109048	-1.125516	-0.817301	-1.399323	-0.340686	0.76	-0.976264	0	
		-1.732031	0.779709	-1.441126	-0.251708	-0.572689	-0.745833	-1.362241	-0.610909	-1.188259	-0.696429	-0.405714	0	
		0.450624	-0.574707	1.15065	-0.641555	-1.272045	1.118186	-1.45813	-0.628182	-1.582727	-0.003571	0.001786	0	
		-0.487515	-0.406378	-0.523649	-1.735873	-2.03834	-0.818385	-0.382996	-0.524759	-0.95591	0	NoFit	0	
		-1.507419	-0.54137	0.276827	1.229778	0.973591	-0.612628	-0.812304	-0.307143	1.076188	NoFit	0.009197	-0.01	
		-1.567382	-0.579704	-1.535283	-0.760772	4.077938	-1.131204	9.664088	-0.87598	-0.818276	NoFit	NoFit	NoFit	
		-1.014643	-1.119059	0.487446	-0.381941	0.060598	-1.134191	4.51835	-0.69592	-0.707895	NoFit	NoFit	-0.05	
		0.61643	7.631629	-0.457541	-0.79816	-2.213693	0.410513	-0.852967	-0.978867	-1.058772	-0.2	NoFit	0	
