##BLOCKS= 4          
Plate:	Plate#1	1.1	PlateFormat	Kinetic	Absorbance	Raw	FALSE	61	3600	60				1	410	1	12	96	
Time(hh:mm:ss)	Temperature(¡C)	1	2	3	4	5	6	7	8	9	10	11	12		
0:00	37.00	0.2704	0.2598	0.2463	0.2648	0.2293	0.2412	0.2678	0.2607	0.2226	0.2499	0.2094	0.0542		
		0.2438	0.2696	0.2694	0.2665	0.2151	0.2532	0.2692	0.2546	0.2526	0.2305	0.2066	0.0537		
		0.2643	0.2622	0.2369	0.3073	0.2372	0.2466	0.2537	0.2703	0.2508	0.042	0.054	0.0526		
		0.2496	0.2498	0.2586	0.2586	0.2595	0.2401	0.2479	0.2648	0.2404	0.4172	0.053	0.0576		
		0.2617	0.2686	0.3217	0.3633	0.2646	0.2658	0.2766	0.2593	0.2397	0.8797	0.0532	0.0532		
		0.2263	0.2712	0.2624	0.1588	0.2437	0.2348	0.2819	0.2768	0.2348	1.1493	0.055	0.053		
		0.2559	0.2802	0.2791	0.2773	0.2495	0.2533	0.2702	0.2663	0.2301	1.4392	0.0533	0.0551		
		0.2647	0.2864	0.2501	0.2117	0.2332	0.246	0.2551	0.2648	0.2172	1.6331	0.0531	0.0547		
		
1:00	37.00	0.269	0.2657	0.2558	0.2656	0.2407	0.2599	0.2726	0.2647	0.2378	0.273	0.2369	0.0542		
		0.2559	0.2791	0.2649	0.2657	0.2198	0.265	0.2841	0.2678	0.2672	0.2574	0.2339	0.0536		
		0.2699	0.2778	0.2349	0.3023	0.2553	0.2667	0.2692	0.2745	0.2669	0.042	0.0537	0.0525		
		0.2466	0.2589	0.2627	0.2687	0.274	0.2539	0.2579	0.28	0.2566	0.3877	0.053	0.0575		
		0.2656	0.2787	0.3103	0.3353	0.2748	0.2808	0.2873	0.2695	0.2578	0.8689	0.0531	0.0532		
		0.228	0.2755	0.2728	0.1588	0.2575	0.2486	0.3123	0.2913	0.2537	1.0363	0.055	0.0529		
		0.2576	0.2861	0.2847	0.2806	0.2612	0.2733	0.2844	0.286	0.2516	1.3964	0.0531	0.0549		
		0.2607	0.3207	0.2488	0.2207	0.2451	0.2634	0.2721	0.2865	0.2373	1.6238	0.0529	0.0546		
		
2:00	37.00	0.2741	0.2692	0.2449	0.2708	0.2458	0.2691	0.277	0.2733	0.2485	0.2813	0.2461	0.0541		
		0.2576	0.2829	0.2679	0.2668	0.222	0.2723	0.2932	0.2742	0.2753	0.2689	0.2447	0.0535		
		0.2736	0.2783	0.2367	0.3104	0.2591	0.2755	0.2767	0.278	0.2773	0.0422	0.0537	0.0525		
		0.2441	0.2619	0.2631	0.2697	0.277	0.2607	0.2716	0.2872	0.2716	0.4117	0.0531	0.0572		
		0.2681	0.282	0.3476	0.3368	0.2839	0.2871	0.2981	0.2774	0.2665	0.8466	0.0532	0.053		
		0.2346	0.2766	0.2739	0.1602	0.2698	0.258	0.3351	0.2989	0.2611	0.9268	0.055	0.053		
		0.2605	0.2938	0.2884	0.2877	0.2692	0.2869	0.2957	0.2903	0.2618	1.2776	0.0531	0.0546		
		0.2646	0.3537	0.2544	0.2257	0.2542	0.2726	0.2801	0.2953	0.2486	1.5453	0.0529	0.0548		
		
3:00	37.00	0.276	0.2697	0.2553	0.2717	0.2504	0.2714	0.2822	0.275	0.2539	0.2895	0.2564	0.054		
		0.2601	0.2852	0.2701	0.2697	0.2253	0.2776	0.2957	0.2768	0.2805	0.2794	0.2527	0.0535		
		0.2752	0.2808	0.2392	0.314	0.2599	0.2831	0.2829	0.281	0.2833	0.0421	0.0537	0.0524		
		0.2455	0.262	0.2633	0.2733	0.2821	0.2649	0.2773	0.2936	0.276	0.4316	0.053	0.0572		
		0.2676	0.2878	0.3639	0.3371	0.2892	0.2891	0.3063	0.2815	0.2724	0.867	0.0531	0.053		
		0.2361	0.2779	0.2773	0.1584	0.2802	0.2652	0.3559	0.3074	0.2657	0.957	0.0548	0.0529		
		0.2643	0.2963	0.2914	0.2762	0.2727	0.2868	0.3051	0.2928	0.2684	1.3632	0.0531	0.0543		
		0.2717	0.3941	0.255	0.2257	0.2564	0.2796	0.2849	0.2947	0.2557	1.5696	0.0529	0.0546		
		
4:00	37.00	0.2776	0.2717	0.2611	0.2753	0.2505	0.2746	0.2865	0.2766	0.2572	0.2974	0.2582	0.0541		
		0.2588	0.2858	0.2699	0.2707	0.2285	0.2798	0.2988	0.2815	0.2847	0.2826	0.2577	0.0536		
		0.2787	0.2814	0.2414	0.3174	0.2646	0.2906	0.2855	0.2837	0.2871	0.0422	0.0539	0.0525		
		0.2478	0.2602	0.267	0.2745	0.2833	0.2671	0.2796	0.2958	0.2744	0.421	0.0531	0.0572		
		0.2694	0.2915	0.3655	0.3386	0.2959	0.296	0.3104	0.2872	0.2808	0.8437	0.0531	0.053		
		0.2378	0.2816	0.2794	0.1606	0.2867	0.2693	0.374	0.3071	0.2719	0.9842	0.0549	0.0529		
		0.2648	0.2959	0.2935	0.283	0.2734	0.2904	0.3106	0.2959	0.2707	1.2589	0.0531	0.0544		
		0.2768	0.4521	0.2585	0.2377	0.2609	0.285	0.2886	0.2978	0.2593	1.5838	0.053	0.0546		
		
5:00	37.00	0.2809	0.2706	0.2521	0.2735	0.2557	0.276	0.2851	0.2772	0.2592	0.3024	0.2618	0.054		
		0.2597	0.2827	0.2706	0.271	0.23	0.2816	0.3009	0.2832	0.287	0.2847	0.2638	0.0534		
		0.2841	0.2808	0.2421	0.318	0.2649	0.2959	0.2886	0.2852	0.2879	0.0422	0.0538	0.0524		
		0.2509	0.2602	0.2658	0.2747	0.2839	0.2687	0.2827	0.2966	0.2814	0.4387	0.053	0.0572		
		0.2708	0.2983	0.3666	0.3453	0.3029	0.2984	0.312	0.2923	0.2861	0.8415	0.0531	0.0529		
		0.2388	0.2803	0.2801	0.1612	0.2945	0.2717	0.3904	0.3076	0.2747	1.0323	0.0549	0.0528		
		0.269	0.2992	0.2949	0.2827	0.2756	0.2921	0.3186	0.2997	0.2758	1.1425	0.0531	0.0543		
		0.2783	0.4965	0.2639	0.2357	0.2601	0.2882	0.291	0.3025	0.2626	1.5589	0.0529	0.0546		
		
6:00	37.00	0.2857	0.2694	0.2485	0.2726	0.259	0.2754	0.2854	0.2795	0.2613	0.3079	0.265	0.054		
		0.255	0.2847	0.2725	0.2719	0.2318	0.2831	0.3019	0.2833	0.2884	0.2892	0.2686	0.0534		
		0.2879	0.2781	0.2439	0.3238	0.2623	0.3022	0.2892	0.2859	0.293	0.0424	0.0537	0.0524		
		0.2525	0.2616	0.2642	0.2756	0.284	0.2701	0.2823	0.2992	0.2863	0.3963	0.0529	0.0571		
		0.2675	0.3049	0.3514	0.3506	0.3039	0.3003	0.3154	0.2984	0.2897	0.8266	0.0531	0.0529		
		0.24	0.2804	0.2814	0.1608	0.3019	0.2744	0.4089	0.3113	0.277	1.0677	0.0548	0.0528		
		0.2659	0.3	0.2947	0.2821	0.2762	0.2925	0.3258	0.3005	0.2784	1.2652	0.053	0.0542		
		0.287	0.553	0.2665	0.2344	0.2639	0.2906	0.2919	0.3013	0.2657	1.4092	0.0528	0.0546		
		
7:00	37.00	0.288	0.2743	0.2471	0.2732	0.2582	0.2772	0.2875	0.2792	0.2629	0.3132	0.2653	0.0539		
		0.2611	0.2819	0.2732	0.2738	0.2327	0.284	0.3038	0.2809	0.2895	0.2896	0.2716	0.0534		
		0.293	0.2774	0.245	0.3245	0.2629	0.3068	0.2899	0.2863	0.2908	0.0421	0.0537	0.0522		
		0.2576	0.2625	0.265	0.2755	0.2834	0.2706	0.2825	0.3018	0.2869	0.437	0.053	0.057		
		0.2736	0.3096	0.3566	0.3642	0.3052	0.3009	0.3177	0.301	0.2932	0.8239	0.0531	0.0529		
		0.2408	0.2807	0.2824	0.1626	0.3123	0.2747	0.428	0.3102	0.2794	1.063	0.0548	0.0529		
		0.2694	0.3044	0.2963	0.2849	0.2762	0.2933	0.3342	0.3023	0.2804	1.3093	0.053	0.0542		
		0.3022	0.6185	0.2682	0.2443	0.2625	0.2944	0.2912	0.3036	0.2675	1.478	0.0529	0.0546		
		
8:00	37.00	0.2893	0.2713	0.2469	0.2734	0.2585	0.2796	0.2934	0.2798	0.2635	0.3172	0.2683	0.0539		
		0.2626	0.2815	0.2738	0.2756	0.234	0.2886	0.3041	0.2844	0.2906	0.2928	0.2743	0.0534		
		0.2948	0.2782	0.246	0.328	0.2631	0.3088	0.2906	0.2869	0.2919	0.0422	0.0537	0.0524		
		0.2604	0.2611	0.2681	0.2768	0.2855	0.2721	0.2847	0.3052	0.2861	0.4022	0.053	0.0571		
		0.2724	0.3134	0.3353	0.3655	0.3086	0.3033	0.3195	0.303	0.2957	0.8165	0.0531	0.0529		
		0.2422	0.2806	0.2834	0.1638	0.3214	0.2781	0.4448	0.3134	0.2816	1.0574	0.0547	0.0528		
		0.2711	0.3051	0.2962	0.2848	0.2758	0.2928	0.3413	0.3042	0.2817	1.3421	0.0529	0.0544		
		0.3109	0.6861	0.2665	0.2338	0.2631	0.2983	0.2928	0.3026	0.2687	1.5247	0.0527	0.0546		
		
9:00	37.00	0.2939	0.2705	0.2497	0.2712	0.2593	0.2799	0.2948	0.2801	0.265	0.3235	0.2716	0.054		
		0.2619	0.2807	0.2767	0.2745	0.2355	0.286	0.3054	0.2795	0.2918	0.2903	0.2761	0.0534		
		0.2988	0.2806	0.2465	0.3321	0.2619	0.3137	0.2924	0.2874	0.2927	0.0424	0.0537	0.0523		
		0.2671	0.2597	0.2628	0.2772	0.285	0.2716	0.2842	0.3064	0.2866	0.3909	0.0529	0.0572		
		0.2753	0.3206	0.3419	0.3726	0.3163	0.3048	0.3218	0.309	0.2993	0.809	0.053	0.0529		
		0.2466	0.2794	0.2839	0.1651	0.3306	0.2773	0.4634	0.3152	0.2816	1.0529	0.0549	0.0528		
		0.2725	0.3049	0.2982	0.2828	0.2763	0.294	0.3519	0.305	0.2836	1.3394	0.053	0.0544		
		0.3203	0.7637	0.2686	0.2375	0.2665	0.3015	0.2911	0.299	0.2715	1.6657	0.0529	0.0546		
		
10:00	37.00	0.2994	0.269	0.2496	0.2723	0.2576	0.2805	0.2955	0.2798	0.266	0.3302	0.2729	0.054		
		0.2634	0.281	0.2802	0.2742	0.2384	0.286	0.3043	0.2846	0.2934	0.2887	0.2789	0.0534		
		0.3043	0.2823	0.2478	0.3352	0.261	0.3179	0.2925	0.2873	0.2923	0.0422	0.0538	0.0524		
		0.2687	0.2581	0.2603	0.2787	0.2821	0.2731	0.2877	0.3071	0.2885	0.3949	0.053	0.0572		
		0.2731	0.328	0.3421	0.3817	0.3214	0.3057	0.3218	0.3184	0.3019	0.8032	0.0531	0.053		
		0.2481	0.28	0.2852	0.1676	0.3385	0.2774	0.4803	0.3145	0.2838	1.0512	0.0549	0.0528		
		0.2743	0.3061	0.3003	0.2813	0.2764	0.2936	0.363	0.3084	0.2833	1.3348	0.053	0.0544		
		0.34	0.844	0.2668	0.2397	0.2637	0.3077	0.2919	0.2995	0.2724	1.6209	0.0528	0.0546		
		
11:00	37.00	0.3057	0.2705	0.2495	0.271	0.2577	0.2809	0.2965	0.2802	0.2667	0.3367	0.2731	0.0539		
		0.2636	0.2808	0.2799	0.2754	0.2411	0.286	0.3025	0.2819	0.2935	0.2904	0.2811	0.0534		
		0.3078	0.2811	0.2469	0.338	0.2605	0.3238	0.2932	0.2873	0.2948	0.0422	0.0538	0.0524		
		0.275	0.2558	0.2598	0.2788	0.2823	0.2706	0.2884	0.3091	0.2852	0.3865	0.0529	0.0571		
		0.2721	0.3367	0.3474	0.3985	0.3272	0.3063	0.3234	0.3217	0.3056	0.7977	0.0531	0.053		
		0.2502	0.2798	0.2847	0.1704	0.3501	0.2754	0.4998	0.3141	0.2855	1.0502	0.0548	0.0528		
		0.2753	0.31	0.3033	0.2824	0.2769	0.2932	0.3747	0.3105	0.2859	1.3299	0.053	0.0545		
		0.3514	0.9327	0.2698	0.2398	0.2651	0.3112	0.2929	0.2979	0.2741	1.621	0.0528	0.0546		
		
12:00	37.00	0.3118	0.2696	0.2593	0.2712	0.2594	0.2803	0.2982	0.2816	0.27	0.3428	0.2733	0.0538		
		0.2641	0.2822	0.2805	0.2749	0.2428	0.286	0.2997	0.2872	0.2937	0.2919	0.2825	0.0534		
		0.3134	0.2815	0.2469	0.3409	0.2606	0.328	0.2931	0.2887	0.2989	0.0423	0.0538	0.0524		
		0.2782	0.2556	0.2617	0.2803	0.283	0.2702	0.2889	0.31	0.2857	0.3926	0.053	0.057		
		0.2752	0.3469	0.3799	0.409	0.3314	0.3068	0.3217	0.3306	0.3098	0.7913	0.0532	0.0529		
		0.2493	0.2807	0.2861	0.1729	0.3603	0.2775	0.5186	0.3157	0.2858	1.0486	0.0549	0.0528		
		0.2754	0.312	0.3097	0.2824	0.2765	0.2946	0.3879	0.3079	0.2867	1.327	0.053	0.0541		
		0.3664	1.0178	0.2732	0.2426	0.2666	0.3161	0.2948	0.3001	0.277	1.6078	0.0528	0.0545		
		
13:00	37.00	0.3175	0.27	0.2536	0.2709	0.2601	0.282	0.2999	0.2815	0.2713	0.3487	0.2755	0.0539		
		0.2664	0.2853	0.283	0.2763	0.2452	0.2883	0.3011	0.283	0.295	0.294	0.2861	0.0533		
		0.3146	0.2823	0.2454	0.3449	0.2623	0.3336	0.2935	0.2888	0.297	0.0425	0.0537	0.0523		
		0.2843	0.2565	0.2615	0.2805	0.2841	0.27	0.288	0.3122	0.2837	0.386	0.0529	0.0571		
		0.273	0.3571	0.3487	0.4176	0.3374	0.3074	0.3259	0.3361	0.3131	0.8098	0.0531	0.053		
		0.2543	0.2784	0.2874	0.1752	0.3701	0.2805	0.5372	0.3148	0.2872	1.0477	0.0548	0.0528		
		0.2772	0.3149	0.3108	0.2825	0.2772	0.2947	0.4006	0.3107	0.288	1.3247	0.053	0.0544		
		0.381	1.0958	0.2761	0.2473	0.2648	0.3218	0.2959	0.2978	0.2773	1.5927	0.0529	0.0545		
		
14:00	37.00	0.3237	0.2712	0.2532	0.2704	0.2628	0.2825	0.3015	0.2809	0.273	0.3555	0.2778	0.0539		
		0.2614	0.2845	0.2837	0.2786	0.2482	0.2872	0.3004	0.2906	0.2963	0.2949	0.2882	0.0533		
		0.3213	0.2807	0.245	0.3492	0.261	0.3372	0.2958	0.2887	0.297	0.0423	0.0538	0.0523		
		0.2892	0.2579	0.2659	0.2832	0.2827	0.2705	0.2873	0.3154	0.2856	0.3718	0.0529	0.0571		
		0.2743	0.3663	0.3508	0.4248	0.3452	0.3071	0.3271	0.3415	0.3172	0.8077	0.053	0.0529		
		0.2549	0.2801	0.2899	0.1779	0.379	0.2822	0.5528	0.3158	0.2899	1.0462	0.0549	0.0528		
		0.2773	0.3172	0.314	0.2846	0.2791	0.2937	0.4152	0.3159	0.2881	1.3216	0.0529	0.0543		
		0.3945	1.1554	0.2798	0.2473	0.2658	0.3262	0.2947	0.2965	0.2796	1.5943	0.0528	0.0546		
		
15:00	37.00	0.3273	0.2695	0.2552	0.2713	0.2654	0.2843	0.3036	0.2806	0.2741	0.3629	0.2803	0.0539		
		0.2659	0.2866	0.2866	0.2789	0.2515	0.2956	0.3001	0.2889	0.2955	0.2959	0.2907	0.0534		
		0.325	0.2825	0.2461	0.3518	0.2612	0.3437	0.2957	0.2904	0.299	0.0423	0.0538	0.0524		
		0.2969	0.2587	0.2634	0.2833	0.2819	0.2768	0.2902	0.3155	0.2824	0.3704	0.0528	0.057		
		0.2742	0.3776	0.3527	0.4317	0.3505	0.3096	0.3276	0.3488	0.3204	0.7613	0.0531	0.053		
		0.2579	0.2798	0.2901	0.1801	0.3894	0.2818	0.5698	0.3151	0.2916	1.0454	0.0548	0.0528		
		0.2825	0.3206	0.3188	0.285	0.2804	0.2953	0.4316	0.318	0.2911	1.3198	0.053	0.0543		
		0.4116	1.1896	0.284	0.2495	0.2663	0.3311	0.2934	0.2987	0.2813	1.5925	0.0529	0.0546		
		
16:00	37.00	0.3338	0.2701	0.2574	0.2713	0.2682	0.2853	0.304	0.2804	0.2774	0.3698	0.2823	0.0541		
		0.2664	0.2848	0.2871	0.278	0.2558	0.292	0.2994	0.2932	0.2967	0.2972	0.294	0.0535		
		0.3306	0.2844	0.2488	0.3567	0.261	0.3495	0.2951	0.2913	0.298	0.0425	0.0539	0.0524		
		0.3003	0.2592	0.2632	0.285	0.2836	0.2767	0.2921	0.3182	0.2873	0.3687	0.0529	0.0571		
		0.2749	0.3875	0.3677	0.4456	0.3559	0.3089	0.328	0.3541	0.324	0.7715	0.053	0.053		
		0.2603	0.2814	0.2928	0.1836	0.3985	0.2837	0.5898	0.3198	0.2931	1.0455	0.0547	0.0528		
		0.2823	0.3252	0.3244	0.2872	0.2815	0.2951	0.4469	0.319	0.293	1.321	0.0529	0.0544		
		0.4295	1.1985	0.2886	0.2519	0.2669	0.339	0.294	0.2993	0.2829	1.5877	0.0528	0.0546		
		
17:00	37.00	0.3398	0.2708	0.2578	0.2712	0.2703	0.2893	0.3054	0.2797	0.2796	0.3782	0.284	0.0539		
		0.2683	0.2884	0.2876	0.2798	0.2583	0.2965	0.3002	0.2929	0.2953	0.2994	0.2965	0.0533		
		0.3364	0.282	0.2521	0.36	0.2613	0.3536	0.2951	0.2907	0.3018	0.0429	0.0538	0.0523		
		0.3104	0.2593	0.267	0.2876	0.2836	0.2754	0.2904	0.3216	0.2866	0.3679	0.0529	0.0569		
		0.2755	0.4008	0.3905	0.4551	0.3637	0.311	0.3325	0.3628	0.328	0.7698	0.053	0.0528		
		0.2696	0.2787	0.2926	0.186	0.4087	0.2853	0.6036	0.3187	0.2944	1.0439	0.0548	0.0529		
		0.2858	0.3278	0.332	0.2834	0.2794	0.3003	0.4629	0.3213	0.2967	1.3158	0.0529	0.0541		
		0.4427	1.2038	0.293	0.2562	0.2702	0.3441	0.2936	0.3012	0.2835	1.587	0.0528	0.0546		
		
18:00	37.00	0.3474	0.2707	0.263	0.2722	0.2714	0.2911	0.3075	0.2793	0.2813	0.3875	0.2847	0.0539		
		0.2649	0.2922	0.2897	0.2829	0.2619	0.3	0.2995	0.2978	0.2977	0.3007	0.2986	0.0533		
		0.344	0.2855	0.2502	0.3609	0.2612	0.3592	0.2943	0.2922	0.2986	0.0429	0.0538	0.0524		
		0.3161	0.2614	0.2686	0.2873	0.2843	0.2773	0.2946	0.3247	0.2902	0.3679	0.0529	0.0569		
		0.2763	0.4127	0.3815	0.4683	0.372	0.3109	0.3311	0.3707	0.3318	0.7459	0.0531	0.0529		
		0.2712	0.2795	0.2962	0.189	0.4202	0.286	0.6212	0.3232	0.2987	1.0428	0.0548	0.0528		
		0.2869	0.332	0.3362	0.2889	0.2807	0.3012	0.4808	0.3246	0.2996	1.3152	0.053	0.0542		
		0.4547	1.2024	0.2969	0.2586	0.2718	0.3519	0.2967	0.3032	0.2851	1.5837	0.0528	0.0546		
		
19:00	37.00	0.3512	0.2742	0.2609	0.2755	0.2753	0.2942	0.3098	0.2782	0.2848	0.397	0.2879	0.0539		
		0.2678	0.2917	0.2907	0.2807	0.2649	0.2981	0.2993	0.3005	0.2969	0.3034	0.3017	0.0532		
		0.3492	0.2879	0.2483	0.3664	0.2628	0.3693	0.2932	0.2923	0.2998	0.0429	0.0538	0.0524		
		0.3232	0.2613	0.2677	0.2876	0.2852	0.2789	0.2963	0.3288	0.2914	0.3689	0.0529	0.0568		
		0.2789	0.4271	0.4167	0.4715	0.3802	0.3133	0.3349	0.375	0.3366	0.7186	0.0531	0.0528		
		0.2731	0.2825	0.2983	0.1911	0.4319	0.2868	0.6369	0.3242	0.2984	1.0422	0.0547	0.0529		
		0.2891	0.3352	0.3434	0.2859	0.2805	0.3015	0.4996	0.3236	0.3035	1.3172	0.0529	0.054		
		0.4707	1.2041	0.306	0.2643	0.2736	0.3559	0.2984	0.3057	0.2825	1.5835	0.0528	0.0546		
		
20:00	37.00	0.3588	0.2764	0.2642	0.2755	0.2776	0.2955	0.3146	0.2782	0.2876	0.4048	0.2914	0.0539		
		0.2697	0.2976	0.293	0.2814	0.2694	0.3022	0.3003	0.3008	0.3001	0.3073	0.3053	0.0533		
		0.3562	0.288	0.245	0.3723	0.2622	0.375	0.2933	0.2953	0.3058	0.0432	0.0538	0.0524		
		0.3314	0.262	0.2688	0.288	0.287	0.2826	0.2986	0.3333	0.2948	0.3687	0.0529	0.0569		
		0.2747	0.4376	0.385	0.4906	0.3844	0.311	0.336	0.3847	0.3415	0.7183	0.053	0.0529		
		0.2708	0.2821	0.2998	0.195	0.4425	0.2905	0.654	0.3276	0.3025	1.0396	0.0547	0.0528		
		0.2913	0.343	0.3452	0.2917	0.281	0.3037	0.518	0.3315	0.3061	1.3187	0.0529	0.0542		
		0.484	1.2036	0.3087	0.2668	0.2764	0.3623	0.2986	0.3086	0.2929	1.5838	0.0529	0.0546		
		
21:00	37.00	0.3638	0.2801	0.2644	0.2781	0.2808	0.2994	0.3162	0.2786	0.2891	0.4139	0.2959	0.0539		
		0.2689	0.2996	0.2956	0.282	0.2721	0.3033	0.3018	0.301	0.3021	0.3109	0.3071	0.0534		
		0.3615	0.2926	0.244	0.3748	0.2589	0.3811	0.2952	0.2974	0.3009	0.0428	0.0538	0.0523		
		0.3387	0.2605	0.2716	0.2883	0.2881	0.2869	0.2995	0.3377	0.2955	0.3692	0.053	0.057		
		0.2795	0.4508	0.3699	0.5175	0.3954	0.3114	0.3389	0.3942	0.3455	0.6982	0.0531	0.0529		
		0.2755	0.2855	0.3026	0.1992	0.453	0.2933	0.6695	0.3307	0.3045	1.0371	0.0548	0.0528		
		0.2949	0.346	0.3486	0.2918	0.2836	0.3055	0.5367	0.333	0.305	1.314	0.053	0.0543		
		0.4984	1.2044	0.3137	0.2641	0.2766	0.3701	0.3003	0.3094	0.2883	1.5809	0.0528	0.0545		
		
22:00	37.00	0.3695	0.2828	0.2705	0.2787	0.2846	0.3013	0.3182	0.2806	0.2938	0.4201	0.2984	0.0539		
		0.2643	0.3006	0.2981	0.2811	0.2768	0.3028	0.3033	0.3026	0.3028	0.3138	0.3102	0.0534		
		0.3692	0.2952	0.2473	0.3797	0.265	0.3882	0.2973	0.3001	0.3034	0.0429	0.0538	0.0523		
		0.3458	0.2641	0.2739	0.2905	0.2893	0.2903	0.3019	0.3424	0.2976	0.3681	0.0529	0.0569		
		0.2745	0.4629	0.4265	0.5151	0.4033	0.3117	0.3428	0.3988	0.3501	0.7132	0.053	0.0529		
		0.2786	0.2841	0.3018	0.2013	0.4625	0.2962	0.6854	0.3339	0.3035	1.0398	0.0547	0.0528		
		0.2961	0.3511	0.3576	0.2941	0.2853	0.3083	0.5578	0.3327	0.3107	1.312	0.0529	0.054		
		0.5139	1.2066	0.3128	0.2727	0.2745	0.3772	0.3029	0.313	0.2987	1.5806	0.0528	0.0546		
		
23:00	37.00	0.3761	0.2862	0.2728	0.2812	0.2855	0.3035	0.3223	0.2824	0.2942	0.4296	0.3024	0.054		
		0.2712	0.3056	0.2993	0.2797	0.2792	0.3054	0.3039	0.3067	0.3065	0.3163	0.3131	0.0534		
		0.3738	0.2991	0.2414	0.3835	0.2629	0.3954	0.2993	0.3017	0.3052	0.0428	0.0538	0.0524		
		0.3505	0.268	0.2743	0.291	0.2921	0.2914	0.303	0.3459	0.3013	0.3683	0.0529	0.0571		
		0.2772	0.4758	0.3761	0.5448	0.4111	0.3117	0.3423	0.4054	0.355	0.7063	0.0531	0.0529		
		0.2816	0.2843	0.3053	0.2068	0.4747	0.2966	0.7006	0.3347	0.3101	1.0391	0.0548	0.0528		
		0.2983	0.3568	0.3572	0.2973	0.2866	0.3106	0.5779	0.3422	0.3136	1.3254	0.0529	0.0543		
		0.5339	1.2065	0.3151	0.2696	0.2752	0.3808	0.3055	0.315	0.2982	1.5785	0.0528	0.0545		
		
24:00	37.00	0.3818	0.2872	0.2722	0.2811	0.2861	0.3064	0.326	0.284	0.2944	0.4384	0.305	0.0538		
		0.2736	0.308	0.3026	0.28	0.283	0.3117	0.3048	0.3123	0.3066	0.3194	0.3161	0.0533		
		0.3841	0.3003	0.2415	0.3896	0.2634	0.4011	0.3031	0.3043	0.3107	0.0429	0.0538	0.0523		
		0.3591	0.2684	0.2757	0.2961	0.2928	0.2952	0.3061	0.3515	0.3054	0.3677	0.0529	0.0569		
		0.2803	0.4901	0.3997	0.5445	0.4209	0.3113	0.3478	0.4148	0.3611	0.7093	0.0531	0.0529		
		0.2841	0.2866	0.3062	0.2097	0.4852	0.3016	0.7137	0.3413	0.3112	1.0373	0.0548	0.0528		
		0.3005	0.3601	0.3652	0.3013	0.2902	0.3114	0.6001	0.3451	0.3148	1.3206	0.0529	0.0542		
		0.5527	1.2141	0.3156	0.2752	0.2758	0.3884	0.3073	0.3181	0.3012	1.5767	0.0528	0.0545		
		
25:00	37.00	0.3899	0.2871	0.2795	0.2838	0.2933	0.3093	0.329	0.2871	0.2897	0.4462	0.3082	0.0538		
		0.2698	0.3063	0.3052	0.2805	0.2881	0.311	0.3057	0.3137	0.3101	0.3222	0.3184	0.0532		
		0.3893	0.3039	0.247	0.3949	0.2649	0.4075	0.3059	0.3075	0.3106	0.0426	0.0538	0.0523		
		0.3638	0.2676	0.2803	0.2991	0.2931	0.2953	0.3084	0.356	0.3076	0.3678	0.0529	0.0567		
		0.2795	0.5029	0.4166	0.5411	0.4287	0.3109	0.3478	0.422	0.3643	0.71	0.0531	0.0528		
		0.2878	0.2869	0.3097	0.2155	0.4951	0.3032	0.7292	0.3446	0.3097	1.0367	0.0548	0.0529		
		0.2993	0.3676	0.375	0.2969	0.2912	0.3137	0.6209	0.3424	0.3165	1.3203	0.053	0.054		
		0.5582	1.2199	0.3187	0.274	0.2741	0.3954	0.3129	0.3195	0.3035	1.5764	0.0528	0.0545		
		
26:00	37.00	0.3956	0.2887	0.2812	0.2859	0.2917	0.3126	0.3343	0.289	0.2883	0.4551	0.3131	0.054		
		0.2778	0.3123	0.3082	0.2841	0.2899	0.3138	0.3079	0.3108	0.3127	0.3264	0.3224	0.0535		
		0.3964	0.3062	0.2433	0.3984	0.2637	0.4152	0.309	0.3094	0.3143	0.0426	0.0539	0.0524		
		0.3711	0.2647	0.2838	0.3011	0.2958	0.2971	0.311	0.3619	0.3101	0.3678	0.0529	0.057		
		0.2835	0.5148	0.3925	0.5506	0.4373	0.3097	0.351	0.4305	0.3698	0.7101	0.0531	0.0529		
		0.2889	0.2897	0.3099	0.2187	0.5057	0.3051	0.7388	0.3494	0.3156	1.0363	0.0548	0.0529		
		0.2984	0.3686	0.376	0.3026	0.2932	0.3138	0.642	0.3525	0.3227	1.3199	0.053	0.0543		
		0.5764	1.2105	0.3229	0.2764	0.2788	0.4023	0.3149	0.3231	0.3059	1.5756	0.0528	0.0546		
		
27:00	37.00	0.4024	0.2929	0.2839	0.286	0.2951	0.3133	0.3371	0.2947	0.2984	0.4624	0.3141	0.054		
		0.2764	0.3144	0.3103	0.2809	0.2953	0.3207	0.3104	0.3075	0.3171	0.3289	0.3247	0.0534		
		0.3972	0.3084	0.2572	0.4013	0.2656	0.4221	0.3134	0.3133	0.3169	0.0427	0.0539	0.0524		
		0.3779	0.2667	0.2853	0.3063	0.2955	0.295	0.3137	0.3665	0.3128	0.3669	0.0528	0.0569		
		0.2779	0.5283	0.4142	0.5605	0.4474	0.3126	0.3575	0.4341	0.3733	0.7104	0.0531	0.0529		
		0.2951	0.2891	0.3126	0.2223	0.5138	0.3059	0.7523	0.3528	0.3177	1.0362	0.0548	0.0528		
		0.3078	0.3756	0.383	0.3059	0.2956	0.3151	0.6634	0.3495	0.3259	1.3145	0.0529	0.0541		
		0.6015	1.2119	0.3327	0.2768	0.2727	0.406	0.3146	0.3255	0.3085	1.5719	0.0528	0.0546		
		
28:00	37.00	0.4105	0.291	0.2875	0.2879	0.2985	0.3167	0.3428	0.2952	0.3074	0.4702	0.3154	0.0538		
		0.2806	0.315	0.3142	0.286	0.2974	0.3242	0.3105	0.3165	0.3176	0.3331	0.327	0.0534		
		0.4009	0.3134	0.2516	0.4055	0.264	0.4228	0.3142	0.3151	0.32	0.0427	0.0538	0.0523		
		0.3814	0.2684	0.288	0.3066	0.3001	0.2962	0.3152	0.3714	0.3153	0.3665	0.0529	0.057		
		0.2834	0.5376	0.3985	0.5843	0.4531	0.3103	0.3559	0.445	0.3811	0.7098	0.0531	0.0529		
		0.2979	0.2933	0.3154	0.2264	0.5215	0.3037	0.7689	0.3575	0.3196	1.037	0.0548	0.0528		
		0.3081	0.3802	0.3849	0.3074	0.2984	0.3175	0.6805	0.3513	0.3275	1.3138	0.053	0.0542		
		0.6029	1.2057	0.3329	0.2767	0.2765	0.4098	0.3219	0.3259	0.3105	1.577	0.0527	0.0545		
		
29:00	37.00	0.4175	0.2967	0.2832	0.2889	0.2991	0.3173	0.3441	0.298	0.3163	0.4787	0.3135	0.0539		
		0.282	0.32	0.3159	0.2881	0.3013	0.3242	0.3151	0.3121	0.3208	0.336	0.3292	0.0533		
		0.4047	0.315	0.2475	0.4081	0.2637	0.4312	0.3172	0.318	0.3261	0.043	0.0539	0.0523		
		0.3876	0.2708	0.2891	0.3107	0.2994	0.2978	0.3165	0.3766	0.3195	0.3668	0.0529	0.0569		
		0.2837	0.5458	0.4009	0.5772	0.4609	0.3094	0.3594	0.4526	0.3847	0.7086	0.053	0.0529		
		0.302	0.2915	0.3161	0.2302	0.5318	0.3095	0.7826	0.359	0.3214	1.0365	0.0548	0.0527		
		0.3081	0.3831	0.3887	0.3092	0.3005	0.318	0.6986	0.3566	0.3285	1.3147	0.0529	0.0542		
		0.6242	1.2105	0.3365	0.2782	0.2741	0.4145	0.3235	0.329	0.3131	1.5785	0.0528	0.0545		
		
30:00	37.00	0.4243	0.2976	0.2891	0.2882	0.2978	0.319	0.3484	0.3019	0.3143	0.4855	0.3118	0.0539		
		0.2813	0.3206	0.3165	0.2854	0.3054	0.3263	0.3179	0.3198	0.3243	0.3391	0.3289	0.0533		
		0.412	0.3199	0.2597	0.4149	0.2666	0.4265	0.3226	0.3227	0.3275	0.0431	0.0539	0.0523		
		0.3949	0.2727	0.291	0.3138	0.3002	0.2985	0.3162	0.38	0.3199	0.3673	0.0529	0.0568		
		0.2833	0.5564	0.4535	0.5942	0.4673	0.3095	0.3626	0.4592	0.3909	0.7075	0.053	0.0528		
		0.305	0.2937	0.3192	0.2339	0.5368	0.3078	0.8002	0.3621	0.3222	1.033	0.0548	0.0529		
		0.3104	0.3858	0.4006	0.3065	0.3024	0.3192	0.7188	0.3573	0.3316	1.3121	0.0529	0.054		
		0.64	1.2166	0.3408	0.285	0.2755	0.4167	0.3258	0.3289	0.3181	1.5755	0.0527	0.0545		
		
31:00	37.00	0.4311	0.2988	0.2927	0.288	0.2989	0.3175	0.3516	0.3068	0.31	0.4887	0.3074	0.0537		
		0.2813	0.3183	0.3146	0.2902	0.3068	0.3293	0.3201	0.3087	0.3282	0.34	0.3287	0.0532		
		0.4153	0.3226	0.2612	0.4194	0.2632	0.4295	0.3248	0.3236	0.331	0.043	0.0538	0.0522		
		0.4046	0.2704	0.2923	0.3134	0.3002	0.2941	0.3143	0.3866	0.3232	0.3665	0.0529	0.0568		
		0.2846	0.566	0.4242	0.598	0.4718	0.3059	0.3655	0.4661	0.3917	0.7073	0.053	0.0528		
		0.3091	0.2937	0.3187	0.2375	0.5408	0.3064	0.8153	0.3662	0.3242	1.0324	0.0548	0.0527		
		0.3161	0.3909	0.403	0.3053	0.3052	0.3197	0.7381	0.3576	0.3305	1.3111	0.0529	0.054		
		0.6514	1.2197	0.3446	0.2909	0.2757	0.4194	0.3281	0.3293	0.3171	1.5753	0.0528	0.0545		
		
32:00	37.00	0.443	0.2996	0.2909	0.2842	0.3005	0.3128	0.354	0.309	0.3155	0.4939	0.3042	0.0539		
		0.2837	0.3183	0.3199	0.2934	0.3109	0.3317	0.32	0.3098	0.3293	0.3408	0.3262	0.0534		
		0.42	0.3252	0.2596	0.4228	0.2629	0.4356	0.3288	0.3266	0.3299	0.043	0.0539	0.0523		
		0.4118	0.271	0.2929	0.3175	0.2999	0.297	0.314	0.3907	0.3257	0.3649	0.0528	0.0568		
		0.2817	0.5721	0.4635	0.6014	0.4742	0.3063	0.3646	0.4716	0.3935	0.7085	0.053	0.0528		
		0.3135	0.2908	0.3203	0.2412	0.5413	0.3103	0.8291	0.3689	0.3241	1.0316	0.0548	0.0528		
		0.317	0.3879	0.4138	0.303	0.3092	0.3181	0.7579	0.3569	0.3303	1.3074	0.0528	0.054		
		0.6661	1.2201	0.346	0.293	0.2722	0.4197	0.3299	0.3304	0.3226	1.5766	0.0528	0.0546		
		
33:00	37.00	0.4545	0.3032	0.2932	0.2833	0.2984	0.3119	0.3526	0.3088	0.3192	0.4964	0.2981	0.0539		
		0.2794	0.3225	0.3132	0.2945	0.3115	0.3327	0.3191	0.3067	0.3328	0.3398	0.3209	0.0534		
		0.4282	0.327	0.263	0.4275	0.262	0.4299	0.3291	0.3294	0.3368	0.043	0.0539	0.0524		
		0.4216	0.2701	0.2935	0.3148	0.2988	0.2948	0.3125	0.3945	0.3241	0.3651	0.053	0.057		
		0.2773	0.5812	0.4054	0.6052	0.4735	0.3009	0.3681	0.4757	0.3914	0.7087	0.053	0.0529		
		0.317	0.2935	0.3211	0.2449	0.5435	0.3139	0.8448	0.366	0.3269	1.0334	0.0548	0.0528		
		0.3209	0.3916	0.4126	0.3081	0.3082	0.3178	0.7789	0.3578	0.3307	1.3038	0.053	0.0543		
		0.672	1.2197	0.356	0.3003	0.2726	0.423	0.3309	0.3298	0.3237	1.5747	0.0528	0.0545		
		
34:00	37.00	0.4587	0.3021	0.2972	0.2832	0.2968	0.3102	0.3544	0.3137	0.3187	0.4982	0.2991	0.054		
		0.2775	0.3223	0.3201	0.2992	0.3146	0.3377	0.3208	0.305	0.3343	0.3382	0.3235	0.0534		
		0.4298	0.3292	0.2642	0.4295	0.2587	0.4316	0.3338	0.3322	0.3363	0.0431	0.0539	0.0523		
		0.4291	0.2692	0.2907	0.3199	0.2994	0.2995	0.3086	0.3959	0.3281	0.3656	0.0529	0.0571		
		0.2827	0.5885	0.3999	0.6201	0.4818	0.2943	0.3687	0.4833	0.3977	0.7101	0.0531	0.053		
		0.3203	0.2923	0.3221	0.2481	0.5545	0.3087	0.8588	0.3688	0.3256	1.0356	0.0548	0.0528		
		0.3285	0.3914	0.4216	0.3097	0.3101	0.317	0.8005	0.3548	0.3342	1.3033	0.0529	0.0544		
		0.6856	1.2219	0.3623	0.3065	0.2717	0.4267	0.3319	0.3263	0.327	1.5747	0.0528	0.0545		
		
35:00	37.00	0.4654	0.3051	0.2984	0.2793	0.2972	0.3099	0.3499	0.3137	0.3207	0.5043	0.3004	0.0541		
		0.2804	0.3205	0.3192	0.3055	0.3176	0.3392	0.3178	0.3048	0.3339	0.3366	0.3341	0.0535		
		0.441	0.3288	0.2612	0.4322	0.2562	0.4343	0.3341	0.3337	0.3391	0.0432	0.054	0.0524		
		0.439	0.2755	0.2866	0.3228	0.2959	0.3037	0.3072	0.3988	0.3275	0.3659	0.053	0.0571		
		0.2794	0.6016	0.4107	0.623	0.4854	0.294	0.3728	0.4875	0.403	0.709	0.0531	0.0529		
		0.3245	0.2896	0.3185	0.2529	0.5681	0.3117	0.8721	0.364	0.3206	1.0351	0.0549	0.0529		
		0.3352	0.3943	0.4317	0.308	0.3121	0.3167	0.8238	0.3498	0.3338	1.3048	0.053	0.0542		
		0.6988	1.2325	0.3659	0.3101	0.2749	0.4334	0.3277	0.3164	0.3307	1.5734	0.0529	0.0546		
		
36:00	37.00	0.4765	0.306	0.307	0.278	0.2939	0.3139	0.3526	0.3149	0.3276	0.5173	0.3036	0.0539		
		0.2833	0.325	0.322	0.3093	0.3202	0.3383	0.3164	0.308	0.3346	0.334	0.3387	0.0533		
		0.4525	0.3309	0.2735	0.4363	0.2604	0.4326	0.3351	0.3357	0.3399	0.043	0.0539	0.0524		
		0.4471	0.279	0.2913	0.3206	0.2943	0.3049	0.3087	0.4018	0.3249	0.3668	0.0529	0.0569		
		0.2866	0.6157	0.4302	0.6379	0.489	0.2938	0.3755	0.491	0.4111	0.7075	0.053	0.0529		
		0.3271	0.2962	0.3158	0.2565	0.5789	0.3078	0.8853	0.3658	0.3184	1.0339	0.0548	0.0528		
		0.3406	0.4001	0.4411	0.3054	0.3111	0.3116	0.8475	0.3513	0.3376	1.3047	0.0529	0.0541		
		0.7168	1.2444	0.3733	0.3143	0.2733	0.4412	0.3263	0.3147	0.3336	1.5723	0.0528	0.0545		
		
37:00	37.00	0.4842	0.3021	0.3099	0.2786	0.2978	0.3126	0.3502	0.3111	0.3303	0.5255	0.3059	0.054		
		0.2804	0.3242	0.3208	0.3051	0.3193	0.3409	0.3153	0.3108	0.332	0.3338	0.3419	0.0534		
		0.4568	0.3267	0.2736	0.4331	0.2548	0.4316	0.3349	0.3317	0.3363	0.0429	0.0539	0.0524		
		0.4564	0.2765	0.2901	0.3171	0.2918	0.3069	0.3077	0.4047	0.3221	0.367	0.053	0.0571		
		0.2875	0.6237	0.3984	0.6443	0.4903	0.2919	0.3751	0.4909	0.4157	0.707	0.053	0.0529		
		0.3304	0.294	0.3135	0.2608	0.5894	0.3061	0.8975	0.3585	0.3252	1.032	0.0548	0.0528		
		0.3377	0.3973	0.4459	0.312	0.3084	0.3159	0.8661	0.3513	0.3421	1.3069	0.053	0.0544		
		0.7348	1.2551	0.385	0.3211	0.2698	0.4474	0.3241	0.3161	0.3371	1.5704	0.0529	0.0546		
		
38:00	37.00	0.4928	0.3018	0.3144	0.2785	0.2988	0.3154	0.3554	0.3093	0.333	0.5359	0.3133	0.0539		
		0.2848	0.3299	0.3227	0.3122	0.3221	0.3391	0.3187	0.3109	0.3345	0.3317	0.3486	0.0533		
		0.4696	0.3307	0.2768	0.4365	0.2548	0.4362	0.3361	0.3297	0.3353	0.0424	0.054	0.0524		
		0.4646	0.2811	0.2936	0.3156	0.2914	0.3066	0.3009	0.405	0.3232	0.3662	0.0529	0.0568		
		0.3006	0.6372	0.4327	0.6556	0.4995	0.2943	0.3768	0.4917	0.4241	0.7072	0.053	0.0529		
		0.3353	0.2947	0.3225	0.264	0.602	0.3084	0.9128	0.3622	0.3252	1.0321	0.0547	0.0528		
		0.3511	0.4083	0.4553	0.3105	0.3058	0.3135	0.8873	0.3465	0.348	1.3083	0.0529	0.0541		
		0.7512	1.2617	0.3912	0.3383	0.2714	0.4583	0.3219	0.3171	0.3398	1.5707	0.0529	0.0546		
		
39:00	37.00	0.502	0.2993	0.3191	0.2755	0.2973	0.317	0.3548	0.3048	0.3375	0.5547	0.3224	0.0538		
		0.2884	0.3298	0.3265	0.3069	0.3227	0.3424	0.3176	0.3258	0.3332	0.3283	0.3575	0.0533		
		0.4776	0.3247	0.2773	0.4373	0.2557	0.4375	0.3354	0.3247	0.3292	0.0423	0.054	0.0524		
		0.4726	0.2822	0.2941	0.3106	0.2893	0.3073	0.2974	0.406	0.3216	0.3656	0.053	0.0569		
		0.3054	0.6476	0.4278	0.6723	0.5066	0.2914	0.375	0.4958	0.433	0.7076	0.0531	0.0529		
		0.339	0.2947	0.3289	0.2674	0.6135	0.3042	0.9241	0.3601	0.3287	1.0325	0.0548	0.0528		
		0.36	0.4107	0.4631	0.3119	0.3028	0.3121	0.9085	0.3455	0.3529	1.31	0.0528	0.054		
		0.7671	1.2718	0.3997	0.3407	0.2837	0.4667	0.3167	0.316	0.3428	1.5699	0.0529	0.0546		
		
40:00	37.00	0.5107	0.3034	0.3251	0.2758	0.3052	0.3138	0.3555	0.2998	0.3397	0.5633	0.3227	0.054		
		0.299	0.3373	0.3236	0.3072	0.3237	0.3483	0.3138	0.3253	0.3305	0.3299	0.3647	0.0534		
		0.4865	0.3247	0.2787	0.4369	0.2543	0.4347	0.3324	0.3184	0.3254	0.0425	0.054	0.0523		
		0.4822	0.2795	0.292	0.3161	0.2881	0.3098	0.2974	0.4097	0.3175	0.3661	0.0529	0.057		
		0.3118	0.6576	0.4115	0.6769	0.5091	0.2859	0.3739	0.5005	0.4384	0.7076	0.053	0.0529		
		0.3436	0.2945	0.3409	0.2713	0.6249	0.3101	0.9372	0.3565	0.3413	1.0336	0.0548	0.0528		
		0.3676	0.418	0.4705	0.3147	0.294	0.3126	0.9294	0.3463	0.3514	1.3122	0.053	0.0543		
		0.7839	1.2831	0.4055	0.3407	0.283	0.4745	0.3101	0.3163	0.3457	1.5683	0.0528	0.0545		
		
41:00	37.00	0.5181	0.3036	0.3292	0.2815	0.3052	0.3179	0.3499	0.2969	0.3432	0.5712	0.33	0.054		
		0.3097	0.3367	0.3237	0.311	0.3243	0.3407	0.3082	0.3178	0.3314	0.3288	0.3785	0.0534		
		0.4975	0.3243	0.2811	0.4382	0.2534	0.4388	0.332	0.3133	0.318	0.0425	0.0539	0.0524		
		0.4891	0.2835	0.2955	0.3191	0.2825	0.3114	0.2971	0.4103	0.3119	0.3662	0.0529	0.057		
		0.3136	0.6719	0.4333	0.6898	0.5195	0.2887	0.368	0.5125	0.444	0.7079	0.0531	0.0529		
		0.3475	0.2926	0.349	0.2749	0.6347	0.3158	0.9516	0.3535	0.3428	1.0355	0.0548	0.0528		
		0.3688	0.4294	0.4797	0.3161	0.2872	0.3122	0.9484	0.3453	0.3558	1.3152	0.0529	0.0543		
		0.8	1.3207	0.4128	0.3413	0.2869	0.4826	0.311	0.3158	0.3494	1.566	0.0528	0.0546		
		
42:00	37.00	0.5262	0.3092	0.3364	0.2892	0.3192	0.3238	0.3492	0.2925	0.3463	0.591	0.3383	0.0539		
		0.3148	0.339	0.3315	0.3155	0.326	0.3463	0.3114	0.3248	0.3298	0.3211	0.3812	0.0534		
		0.5086	0.3282	0.2855	0.442	0.2549	0.4493	0.3277	0.3143	0.3131	0.0425	0.054	0.0523		
		0.4967	0.2852	0.2946	0.3225	0.2809	0.3159	0.2951	0.4097	0.3059	0.3662	0.0529	0.0568		
		0.3195	0.6838	0.472	0.7031	0.5297	0.2855	0.3792	0.525	0.46	0.707	0.053	0.0529		
		0.3517	0.2941	0.3467	0.2793	0.6439	0.3186	0.9676	0.356	0.342	1.0362	0.0548	0.0528		
		0.3636	0.435	0.49	0.3268	0.2879	0.3168	0.9732	0.3436	0.3604	1.316	0.0529	0.054		
		0.8162	1.3575	0.4239	0.3425	0.2958	0.4874	0.3142	0.3194	0.3515	1.5685	0.0528	0.0545		
		
43:00	37.00	0.5344	0.3176	0.3446	0.2908	0.3261	0.3274	0.3505	0.2951	0.3507	0.5998	0.3446	0.0539		
		0.3257	0.3408	0.3343	0.3084	0.3278	0.3454	0.3124	0.3171	0.3274	0.3243	0.384	0.0534		
		0.5151	0.3269	0.2845	0.4485	0.2518	0.4551	0.3149	0.3201	0.3183	0.0426	0.054	0.0523		
		0.5044	0.2881	0.2955	0.3279	0.2743	0.3213	0.2936	0.4087	0.2964	0.3666	0.0529	0.0567		
		0.3146	0.6934	0.4942	0.7126	0.5366	0.2837	0.3831	0.5337	0.4634	0.7047	0.0531	0.0528		
		0.355	0.2929	0.3508	0.2827	0.6549	0.3207	0.9786	0.3555	0.3388	1.0335	0.0547	0.0528		
		0.3664	0.4425	0.4992	0.327	0.2931	0.3189	0.9952	0.3501	0.3672	1.3159	0.0529	0.054		
		0.8325	1.3439	0.4285	0.3471	0.2935	0.4943	0.3211	0.3226	0.3545	1.5668	0.0528	0.0545		
		
44:00	37.00	0.5376	0.3179	0.3488	0.2925	0.3319	0.3258	0.3518	0.3001	0.3516	0.606	0.3408	0.054		
		0.3323	0.3342	0.3384	0.3032	0.3348	0.352	0.3053	0.3326	0.3224	0.3424	0.3865	0.0534		
		0.5233	0.3289	0.2855	0.4545	0.249	0.458	0.3089	0.326	0.3134	0.0427	0.0539	0.0524		
		0.5142	0.2866	0.2985	0.3353	0.2722	0.323	0.2994	0.4218	0.296	0.3663	0.053	0.0571		
		0.3165	0.7034	0.442	0.7369	0.542	0.2855	0.373	0.5443	0.4638	0.7054	0.0531	0.0529		
		0.36	0.299	0.3674	0.2867	0.6652	0.3281	0.9917	0.3673	0.3655	1.033	0.0548	0.0528		
		0.3758	0.4474	0.4989	0.3309	0.2907	0.3166	1.0119	0.3549	0.3602	1.3173	0.053	0.0544		
		0.8464	1.3238	0.4374	0.3522	0.2996	0.5062	0.3305	0.3243	0.3581	1.5689	0.0529	0.0547		
		
45:00	37.00	0.5439	0.3262	0.3413	0.3056	0.3379	0.3345	0.3639	0.3144	0.3561	0.6204	0.3453	0.054		
		0.3388	0.3429	0.3412	0.3103	0.3385	0.3549	0.301	0.3184	0.3178	0.3396	0.3755	0.0533		
		0.5353	0.3374	0.2942	0.4612	0.2514	0.4578	0.3125	0.3361	0.3242	0.0429	0.0539	0.0524		
		0.5184	0.2961	0.3039	0.3447	0.2672	0.3282	0.2978	0.419	0.2969	0.365	0.053	0.0569		
		0.3238	0.7173	0.5024	0.7341	0.5529	0.2895	0.3787	0.551	0.4622	0.7056	0.0531	0.0529		
		0.3624	0.3041	0.3636	0.2896	0.6749	0.3285	1.0057	0.3713	0.3673	1.0298	0.0548	0.0528		
		0.3734	0.4526	0.5147	0.3384	0.3009	0.3241	1.0319	0.3588	0.3879	1.3152	0.0529	0.054		
		0.863	1.316	0.4433	0.354	0.3031	0.5147	0.3249	0.3269	0.36	1.5688	0.0528	0.0546		
		
46:00	37.00	0.5483	0.324	0.3459	0.3062	0.3427	0.3351	0.369	0.316	0.3568	0.629	0.3467	0.0539		
		0.3463	0.3483	0.3461	0.31	0.3461	0.3617	0.2944	0.336	0.3138	0.3517	0.3819	0.0534		
		0.5428	0.3466	0.2978	0.4756	0.2513	0.4687	0.3147	0.3426	0.3336	0.0429	0.0539	0.0524		
		0.524	0.2969	0.3131	0.3471	0.2695	0.3323	0.3079	0.432	0.3058	0.3653	0.0529	0.0571		
		0.3434	0.7262	0.4627	0.7348	0.5648	0.2928	0.3844	0.56	0.4651	0.7051	0.0531	0.0529		
		0.3675	0.3101	0.3738	0.2942	0.6866	0.3347	1.0182	0.3766	0.3795	1.0306	0.0547	0.0527		
		0.3792	0.462	0.5159	0.3441	0.3013	0.324	1.0492	0.3651	0.3892	1.3179	0.053	0.0544		
		0.877	1.3085	0.4385	0.3574	0.3111	0.5238	0.3327	0.3261	0.3631	1.5684	0.0529	0.0546		
		
47:00	37.00	0.5585	0.3297	0.3443	0.3146	0.3463	0.3418	0.3832	0.3216	0.3617	0.6392	0.3548	0.0539		
		0.3482	0.3626	0.3505	0.3152	0.3494	0.3592	0.2904	0.3351	0.312	0.3509	0.3825	0.0533		
		0.5538	0.3533	0.3003	0.4804	0.256	0.4777	0.3302	0.3475	0.3439	0.0427	0.0539	0.0523		
		0.5293	0.3031	0.3155	0.3588	0.2761	0.3388	0.3071	0.4328	0.311	0.365	0.0529	0.0569		
		0.354	0.7409	0.5089	0.7493	0.5727	0.2994	0.3906	0.5673	0.4693	0.7048	0.0531	0.0529		
		0.3718	0.3186	0.3741	0.2973	0.6966	0.3387	1.0371	0.3852	0.3848	1.0308	0.0548	0.0529		
		0.3851	0.4715	0.5277	0.3488	0.3093	0.33	1.0775	0.3724	0.388	1.3143	0.053	0.0541		
		0.8918	1.3067	0.4442	0.3639	0.3108	0.5326	0.3323	0.3344	0.3666	1.5687	0.0528	0.0545		
		
48:00	37.00	0.5676	0.341	0.3415	0.3208	0.3523	0.3465	0.3916	0.3219	0.3646	0.6493	0.3688	0.0538		
		0.357	0.3692	0.3606	0.315	0.3516	0.361	0.2841	0.3322	0.3139	0.3547	0.3839	0.0533		
		0.5624	0.3651	0.3057	0.4997	0.2632	0.4857	0.3413	0.3542	0.3582	0.0428	0.0539	0.0523		
		0.5369	0.3058	0.3183	0.3739	0.2791	0.3406	0.3128	0.4373	0.318	0.3654	0.0529	0.0567		
		0.3478	0.7523	0.5601	0.7659	0.5909	0.3055	0.4058	0.5771	0.4741	0.7024	0.0531	0.0528		
		0.3763	0.3204	0.3765	0.3012	0.7107	0.3372	1.0466	0.3857	0.3862	1.0333	0.0547	0.0528		
		0.385	0.4772	0.5381	0.3525	0.3123	0.3379	1.1075	0.3724	0.3788	1.3144	0.0529	0.054		
		0.9071	1.304	0.4479	0.3683	0.317	0.5405	0.3375	0.3379	0.3701	1.5672	0.0528	0.0546		
		
49:00	37.00	0.5751	0.3418	0.347	0.3242	0.3584	0.3498	0.3993	0.333	0.3662	0.6563	0.3844	0.0538		
		0.3554	0.3741	0.3641	0.3203	0.3556	0.3726	0.2871	0.3341	0.3225	0.3655	0.3901	0.0533		
		0.5718	0.365	0.3083	0.505	0.2621	0.4922	0.3508	0.3593	0.359	0.0425	0.0539	0.0523		
		0.5451	0.3114	0.3308	0.3725	0.2966	0.344	0.3196	0.4503	0.3486	0.3653	0.0529	0.0569		
		0.3512	0.7666	0.5296	0.7675	0.593	0.3072	0.4104	0.584	0.4791	0.7027	0.053	0.0528		
		0.3795	0.3314	0.3715	0.3042	0.7371	0.3468	1.0698	0.3993	0.3876	1.037	0.0548	0.0528		
		0.3926	0.4834	0.5421	0.3581	0.32	0.3379	1.1437	0.3757	0.3811	1.3133	0.0529	0.054		
		0.9208	1.3027	0.4561	0.3709	0.318	0.5463	0.3451	0.3472	0.372	1.567	0.0528	0.0545		
		
50:00	37.00	0.5852	0.3501	0.3473	0.3278	0.3602	0.3498	0.4076	0.3335	0.3706	0.6627	0.3892	0.0539		
		0.3543	0.3765	0.3748	0.3279	0.3613	0.3822	0.2922	0.3435	0.3307	0.3739	0.3933	0.0534		
		0.5802	0.3733	0.3076	0.5146	0.2735	0.5062	0.3539	0.3679	0.3845	0.043	0.054	0.0524		
		0.5533	0.3137	0.3305	0.3836	0.2978	0.3508	0.3242	0.4588	0.3575	0.3649	0.0529	0.0571		
		0.3543	0.7773	0.5074	0.7848	0.6103	0.3156	0.4154	0.5905	0.4851	0.704	0.0531	0.0529		
		0.3835	0.3309	0.3803	0.308	0.7618	0.3554	1.0749	0.4087	0.3847	1.036	0.0549	0.0528		
		0.3952	0.4899	0.5472	0.3597	0.3228	0.3429	1.1636	0.3842	0.3835	1.313	0.053	0.0544		
		0.9348	1.3016	0.4599	0.3772	0.3319	0.5579	0.3519	0.3518	0.3751	1.5656	0.0528	0.0546		
		
51:00	37.00	0.5948	0.3531	0.3522	0.3342	0.3657	0.3571	0.4187	0.3513	0.3749	0.673	0.3814	0.0539		
		0.3483	0.3877	0.3796	0.3342	0.3653	0.382	0.2977	0.3434	0.3396	0.3708	0.3972	0.0534		
		0.5918	0.3818	0.3122	0.5218	0.2779	0.5113	0.3628	0.385	0.3953	0.0431	0.0539	0.0523		
		0.5629	0.3224	0.3373	0.378	0.3052	0.3574	0.3302	0.4594	0.3469	0.3652	0.0529	0.0568		
		0.3549	0.7942	0.5605	0.7987	0.6198	0.3222	0.4266	0.6003	0.4887	0.7023	0.053	0.0528		
		0.3883	0.3457	0.3813	0.3113	0.775	0.3623	1.1003	0.4206	0.3817	1.0371	0.0548	0.0528		
		0.3997	0.4974	0.5565	0.3687	0.3483	0.3493	1.2381	0.386	0.3841	1.3167	0.0529	0.054		
		0.9495	1.3073	0.4646	0.3823	0.3376	0.5701	0.3535	0.358	0.3796	1.5673	0.0528	0.0546		
		
52:00	37.00	0.603	0.3526	0.3547	0.3319	0.3672	0.36	0.422	0.3624	0.3773	0.679	0.3788	0.054		
		0.3502	0.3873	0.3916	0.3466	0.3703	0.3884	0.3085	0.3511	0.3514	0.3805	0.4009	0.0534		
		0.6024	0.3828	0.3159	0.5302	0.2894	0.5148	0.3774	0.3923	0.3962	0.0433	0.054	0.0524		
		0.5689	0.3234	0.3487	0.383	0.3108	0.3733	0.3363	0.4688	0.3513	0.3656	0.0529	0.0571		
		0.3541	0.807	0.525	0.8105	0.6347	0.328	0.4288	0.6131	0.4932	0.7015	0.0531	0.053		
		0.3924	0.3501	0.3852	0.3149	0.7819	0.3758	1.1546	0.4368	0.3873	1.0355	0.0549	0.0528		
		0.4029	0.4997	0.5618	0.3717	0.3534	0.3519	1.2828	0.3925	0.389	1.3157	0.053	0.0544		
		0.9615	1.3139	0.4721	0.3877	0.358	0.5773	0.3594	0.3689	0.3817	1.5666	0.0529	0.0545		
		
53:00	37.00	0.6125	0.3725	0.3581	0.3414	0.3749	0.3673	0.431	0.3679	0.3807	0.6851	0.3795	0.054		
		0.3525	0.3927	0.4006	0.3522	0.3742	0.3941	0.3171	0.3544	0.362	0.3776	0.4045	0.0533		
		0.6177	0.3935	0.3299	0.5373	0.2968	0.5365	0.3911	0.3965	0.3914	0.0432	0.0539	0.0523		
		0.5772	0.3308	0.3496	0.3868	0.3193	0.3835	0.3417	0.4722	0.3537	0.3654	0.0529	0.0569		
		0.3538	0.8234	0.5486	0.8229	0.6459	0.3315	0.4359	0.6174	0.4991	0.7013	0.053	0.0528		
		0.3975	0.3556	0.3894	0.3185	0.7955	0.3818	1.2084	0.4573	0.3885	1.0356	0.0548	0.0528		
		0.4094	0.5154	0.5691	0.3783	0.3728	0.356	1.295	0.3979	0.3915	1.3183	0.0529	0.0541		
		0.9753	1.3024	0.4802	0.3914	0.3679	0.5795	0.393	0.3829	0.384	1.5642	0.0528	0.0546		
		
54:00	37.00	0.6206	0.3707	0.3608	0.3461	0.3784	0.3715	0.4378	0.3684	0.384	0.6948	0.3826	0.054		
		0.358	0.3999	0.4136	0.3636	0.3793	0.3945	0.3166	0.3621	0.362	0.3826	0.4095	0.0533		
		0.6344	0.3985	0.3293	0.5454	0.3013	0.5393	0.3935	0.3926	0.3922	0.0434	0.0541	0.0524		
		0.5855	0.3324	0.3534	0.3902	0.32	0.3868	0.3486	0.4733	0.3519	0.3661	0.053	0.057		
		0.3597	0.838	0.5465	0.8404	0.6588	0.3399	0.4421	0.6342	0.5057	0.7006	0.053	0.0529		
		0.4008	0.3529	0.3927	0.3218	0.8105	0.3771	1.2347	0.4739	0.3923	1.0361	0.0548	0.0528		
		0.4132	0.5165	0.5745	0.3871	0.3653	0.3583	1.29	0.4056	0.3942	1.319	0.0529	0.0543		
		0.9883	1.3022	0.4862	0.3978	0.348	0.5835	0.3971	0.3979	0.3878	1.5644	0.0528	0.0546		
		
55:00	37.00	0.6306	0.3611	0.3645	0.3529	0.384	0.3781	0.4518	0.3575	0.388	0.7048	0.3871	0.0539		
		0.3606	0.4078	0.4224	0.3729	0.3826	0.3916	0.3199	0.3611	0.3654	0.4078	0.4122	0.0533		
		0.6429	0.404	0.3339	0.5524	0.3114	0.5457	0.3879	0.3916	0.3916	0.0431	0.054	0.0524		
		0.5946	0.3402	0.3523	0.3923	0.3254	0.3866	0.3527	0.4736	0.3642	0.3666	0.0529	0.0568		
		0.3639	0.8631	0.5723	0.8647	0.6648	0.3426	0.4488	0.6481	0.5119	0.7024	0.053	0.0529		
		0.4046	0.3539	0.398	0.3261	0.825	0.3795	1.2336	0.4743	0.3967	1.0342	0.0548	0.0528		
		0.4179	0.5189	0.584	0.3959	0.3632	0.3695	1.2949	0.4129	0.4	1.3155	0.053	0.0541		
		1.0009	1.3035	0.4929	0.4014	0.3596	0.5902	0.3948	0.3895	0.39	1.5659	0.0528	0.0546		
		
56:00	37.00	0.6386	0.3606	0.367	0.3575	0.3887	0.3939	0.4531	0.3639	0.3915	0.7104	0.3912	0.054		
		0.3641	0.4066	0.4298	0.3763	0.3893	0.4039	0.3338	0.3667	0.3701	0.4197	0.4166	0.0534		
		0.6499	0.4096	0.3333	0.5594	0.3142	0.5524	0.3857	0.394	0.3969	0.0431	0.054	0.0524		
		0.6022	0.3438	0.3586	0.3967	0.3261	0.388	0.3558	0.4804	0.3757	0.3686	0.053	0.057		
		0.3664	0.8925	0.5259	0.8985	0.6793	0.3515	0.4624	0.6669	0.5166	0.702	0.053	0.0529		
		0.4091	0.3696	0.4007	0.3292	0.8412	0.3795	1.237	0.4665	0.3985	1.0339	0.0548	0.0528		
		0.4221	0.5228	0.5893	0.4063	0.3645	0.3879	1.3033	0.4117	0.4014	1.318	0.0531	0.0543		
		1.0141	1.3061	0.4992	0.4047	0.3607	0.5979	0.3803	0.3805	0.3933	1.5707	0.0528	0.0545		
		
57:00	37.00	0.6482	0.3643	0.3674	0.364	0.3996	0.4014	0.4486	0.3684	0.396	0.7239	0.3936	0.0538		
		0.3691	0.4198	0.4373	0.3845	0.3933	0.4051	0.3347	0.3693	0.3731	0.4164	0.421	0.0534		
		0.6545	0.4213	0.338	0.5659	0.3216	0.5585	0.3888	0.3985	0.4003	0.043	0.0539	0.0523		
		0.6103	0.3433	0.3723	0.4001	0.3282	0.3873	0.3599	0.4848	0.3954	0.3667	0.0529	0.0569		
		0.3701	0.9086	0.5565	0.9123	0.6991	0.356	0.4668	0.6765	0.5227	0.7011	0.0531	0.0529		
		0.4119	0.3727	0.4037	0.3327	0.8578	0.3768	1.243	0.4725	0.4007	1.0337	0.0547	0.0529		
		0.4239	0.5275	0.6017	0.4045	0.3672	0.3979	1.311	0.4253	0.4035	1.3185	0.0529	0.0541		
		1.0262	1.3044	0.5052	0.4124	0.3613	0.606	0.3836	0.385	0.3976	1.5761	0.0527	0.0545		
		
58:00	37.00	0.6571	0.3666	0.3755	0.3719	0.4054	0.3955	0.4497	0.372	0.3988	0.739	0.3976	0.0538		
		0.3721	0.4239	0.4468	0.3944	0.3955	0.4125	0.3336	0.3649	0.3809	0.4131	0.4241	0.0533		
		0.6629	0.4291	0.344	0.5749	0.3287	0.5618	0.3918	0.4017	0.4042	0.043	0.0539	0.0523		
		0.6194	0.3548	0.3808	0.4044	0.3236	0.3883	0.3695	0.4868	0.3994	0.3673	0.0529	0.0568		
		0.3741	0.9184	0.5839	0.9226	0.7188	0.3536	0.469	0.6822	0.5287	0.7021	0.0531	0.0529		
		0.4163	0.3783	0.4088	0.336	0.8724	0.3822	1.2544	0.4772	0.4051	1.0353	0.0548	0.0528		
		0.431	0.5319	0.6115	0.3972	0.3688	0.3892	1.3224	0.4232	0.4117	1.3204	0.0529	0.0541		
		1.039	1.2998	0.5101	0.4168	0.3657	0.6144	0.3829	0.3801	0.4004	1.5748	0.0528	0.0545		
		
59:00	37.00	0.6665	0.3646	0.3776	0.3786	0.4036	0.3932	0.4483	0.373	0.401	0.7467	0.4016	0.0539		
		0.3753	0.4331	0.4498	0.4026	0.4009	0.4194	0.3407	0.383	0.4094	0.4151	0.4285	0.0533		
		0.673	0.4297	0.3622	0.5738	0.3345	0.5768	0.3973	0.4047	0.4075	0.0431	0.054	0.0523		
		0.6267	0.3695	0.3929	0.4092	0.3396	0.3939	0.3981	0.4905	0.3938	0.3675	0.0529	0.0569		
		0.3752	0.9275	0.5386	0.9294	0.7333	0.3755	0.4709	0.6887	0.5345	0.7026	0.0531	0.0529		
		0.4211	0.3794	0.4116	0.3397	0.8884	0.3826	1.2651	0.479	0.4094	1.0377	0.0548	0.0527		
		0.4359	0.5382	0.6198	0.3885	0.3689	0.3923	1.3304	0.438	0.4122	1.3205	0.053	0.0542		
		1.0505	1.2995	0.5186	0.4222	0.3695	0.622	0.3834	0.3815	0.4032	1.5747	0.0529	0.0545		
		
1:00:00	37.00	0.6759	0.371	0.3825	0.3875	0.398	0.3925	0.4482	0.3746	0.4055	0.7744	0.4059	0.0539		
		0.3793	0.4414	0.4608	0.4167	0.4122	0.4155	0.3496	0.3749	0.4196	0.4175	0.4326	0.0533		
		0.684	0.429	0.3734	0.5686	0.3428	0.5888	0.4	0.4086	0.4125	0.0432	0.054	0.0524		
		0.6349	0.3763	0.3909	0.4117	0.3609	0.397	0.4135	0.4901	0.3931	0.368	0.0529	0.0568		
		0.379	0.939	0.5837	0.9429	0.7382	0.399	0.4704	0.6978	0.5415	0.7048	0.053	0.0528		
		0.4249	0.38	0.4132	0.3433	0.9049	0.3891	1.2748	0.4857	0.4097	1.0388	0.0548	0.0528		
		0.4412	0.5441	0.6322	0.3895	0.372	0.3967	1.3343	0.4669	0.4141	1.3186	0.0529	0.054		
		1.0616	1.2992	0.5252	0.4268	0.3717	0.631	0.3801	0.3854	0.4064	1.5731	0.0528	0.0545		
		
Time(hh:mm:ss)	Temperature(¡C)	1	2	3	4	5	6	7	8	9	10	11	12		
		7.161654	1.814923	2.510905	1.475547	2.536838	1.990201	2.848662	1.606436	2.680687	8.221095	2.549318	0	
		2.108911	2.40568	2.80937	1.873448	3.063591	2.359545	0.440534	1.555056	1.592792	2.201391	3.078942	NoFit	
		6.971581	2.40973	1.898748	4.461777	0.70165	4.777869	1.849154	2.06412	2.027594	0.014987	-0.05	NoFit	
		7.243821	1.53192	1.818075	2.318027	0.634357	2.177345	1.346171	3.638302	1.685373	3.55	0.005714	NoFit	
		1.870687	11.256663	3.989077	10.470063	7.327673	0.67597	2.626536	7.008276	4.662316	NoFit	NoFit	0	
		3.363712	1.459857	2.346832	3.503772	10.377626	2.026864	15.927663	2.784701	2.492824	NoFit	0	NoFit	
		3.078958	4.383305	5.98009	2.127359	1.55073	1.523866	19.494363	2.125489	2.612734	NoFit	NoFit	NoFit	
		14.599483	13.203226	4.821613	3.443876	1.764855	6.107478	1.686362	1.461777	2.688789	NoFit	NoFit	NoFit	
~End
Group:	Standards	1
Sample	Concentration	Wells	BackConcCalc	Values	MeanValue	Std.Dev.	CV%

Smallest standard value:  

Largest standard value:  

~End
Group:	Controls	1
Sample	Wells	Sample#	Values	MeanValue

~End
Group:	Samples	1
Sample	Wells	Values	Outliers	Result	MeanResult	Std.Dev.	CV%

Outlier - Outside standard range  

~End
