Time(hh:mm:ss)	Temperature(°C)	1	2	3	4	5	6	7	8	9	10	11	12		
0:00	37.00	0.157	0.2476	0.235	0.213	0.2434	0.2314	0.2162	0.2163	0.2103	0.2099	0.198	0.0543		
		0.2424	0.2294	0.2222	0.2358	0.2109	0.2324	0.2362	0.2121	0.2173	0.2227	0.218	0.0539		
		0.1516	0.2501	0.2399	0.2548	0.2075	0.2228	0.2446	0.2251	0.2368	0.0422	0.0545	0.0533		
		0.2184	0.2081	0.2294	0.226	0.243	0.2315	0.2617	0.2358	0.194	0.3716	0.0566	0.0524		
		0.2123	0.2683	0.2434	0.3464	0.2345	0.2266	0.2431	0.2216	0.1999	0.8689	0.0532	0.0524		
		0.2039	0.2414	0.2442	0.2447	0.2352	0.233	0.2743	0.2367	0.2221	1.3341	0.0565	0.0522		
		0.1919	0.2878	0.2596	0.2673	0.2405	0.2639	0.2589	0.2535	0.2359	1.5716	0.0546	0.0519		
		0.2106	0.2789	0.2545	0.2599	0.2382	0.2265	0.2375	0.2442	0.204	1.7061	0.0523	0.0538		
		
1:00	37.00	0.1624	0.2614	0.2457	0.2152	0.249	0.2491	0.2326	0.2323	0.2304	0.2461	0.2275	0.054		
		0.2238	0.2391	0.2383	0.2325	0.2216	0.2468	0.2525	0.2333	0.2331	0.2464	0.2526	0.0538		
		0.1523	0.2531	0.2378	0.2527	0.2143	0.2412	0.2587	0.2359	0.2528	0.0421	0.0542	0.0534		
		0.2134	0.2158	0.2386	0.2434	0.2444	0.2357	0.2729	0.2484	0.2128	0.3698	0.0554	0.0524		
		0.2118	0.2723	0.255	0.3497	0.2485	0.2384	0.2518	0.2402	0.2167	0.9058	0.0532	0.0523		
		0.2178	0.2457	0.2462	0.2525	0.2361	0.2299	0.304	0.2632	0.2318	1.3606	0.0563	0.0521		
		0.198	0.2869	0.2661	0.2737	0.2365	0.2546	0.279	0.2573	0.2494	1.5524	0.0547	0.0519		
		0.211	0.3072	0.2606	0.2555	0.2516	0.2327	0.2503	0.2604	0.2335	1.6605	0.0522	0.0538		
		
2:00	37.00	0.1659	0.2606	0.2461	0.2012	0.2374	0.2527	0.2432	0.2377	0.2311	0.2639	0.2369	0.0542		
		0.2229	0.242	0.238	0.2262	0.2325	0.2413	0.2484	0.2318	0.2354	0.2547	0.2643	0.0539		
		0.1562	0.2513	0.2366	0.2582	0.1947	0.2377	0.2673	0.238	0.2668	0.0422	0.0542	0.0532		
		0.201	0.204	0.2426	0.2445	0.2414	0.2383	0.2801	0.259	0.2227	0.3744	0.0562	0.0524		
		0.2118	0.274	0.2592	0.3556	0.2684	0.2358	0.2679	0.2451	0.2213	1.0898	0.0531	0.0524		
		0.2161	0.2498	0.2484	0.2445	0.2482	0.2381	0.3249	0.2709	0.233	1.3265	0.0563	0.0521		
		0.1955	0.2894	0.2682	0.271	0.2371	0.2608	0.2884	0.2681	0.2509	1.5553	0.0546	0.0519		
		0.2216	0.3352	0.2569	0.2579	0.2532	0.2362	0.2571	0.2641	0.2325	1.6148	0.0522	0.0538		
		
3:00	37.00	0.1643	0.2621	0.2454	0.1886	0.2412	0.2459	0.2482	0.2373	0.2344	0.2742	0.2454	0.0541		
		0.221	0.2349	0.2458	0.2258	0.2274	0.2407	0.2584	0.2311	0.2376	0.2616	0.2688	0.0538		
		0.1561	0.2485	0.2355	0.2508	0.1893	0.2353	0.2718	0.2457	0.2683	0.0422	0.0543	0.0532		
		0.2	0.1988	0.239	0.2377	0.2413	0.2333	0.2815	0.2552	0.2207	0.3739	0.0565	0.0523		
		0.2081	0.2759	0.2607	0.348	0.2491	0.2396	0.2728	0.2525	0.2251	0.8787	0.0531	0.0523		
		0.2193	0.2476	0.2484	0.2397	0.2338	0.2254	0.3355	0.2775	0.2289	1.3025	0.0563	0.0521		
		0.193	0.2862	0.2676	0.2672	0.2455	0.265	0.2901	0.2506	0.2476	1.5227	0.0546	0.0519		
		0.2272	0.3663	0.2594	0.2603	0.2512	0.2424	0.2625	0.2696	0.2343	1.5545	0.0522	0.0537		
		
4:00	37.00	0.1679	0.2623	0.249	0.1872	0.248	0.2444	0.2538	0.2363	0.2336	0.2822	0.2537	0.0538		
		0.2176	0.2378	0.2412	0.2251	0.2177	0.2417	0.2601	0.2351	0.238	0.2701	0.2797	0.0536		
		0.1608	0.2494	0.2328	0.2495	0.1857	0.2409	0.2755	0.2652	0.2667	0.0422	0.0542	0.0533		
		0.1977	0.1968	0.2373	0.2401	0.2467	0.2313	0.282	0.2586	0.2217	0.3684	0.0551	0.0523		
		0.2055	0.2815	0.259	0.3459	0.245	0.2368	0.2746	0.2583	0.2276	0.806	0.0531	0.0521		
		0.2181	0.2449	0.25	0.2371	0.2324	0.2238	0.3531	0.2799	0.2329	1.2842	0.0563	0.0521		
		0.1953	0.2877	0.276	0.2618	0.2494	0.2667	0.3032	0.2545	0.2401	1.5194	0.0548	0.0519		
		0.2364	0.4035	0.2599	0.2555	0.2527	0.2552	0.2628	0.2722	0.2386	1.6765	0.0523	0.0536		
		
5:00	37.00	0.1719	0.2606	0.2427	0.1864	0.2489	0.2528	0.2567	0.243	0.2357	0.2856	0.2557	0.0538		
		0.2119	0.2381	0.2385	0.229	0.2171	0.2414	0.2617	0.2353	0.2436	0.2699	0.2793	0.0536		
		0.164	0.2471	0.2312	0.2452	0.1836	0.249	0.2721	0.2611	0.2694	0.0421	0.0542	0.0532		
		0.203	0.1969	0.2342	0.2307	0.2485	0.2313	0.2792	0.2768	0.2225	0.3709	0.0552	0.0522		
		0.2238	0.285	0.2577	0.3527	0.2477	0.2393	0.2811	0.2629	0.2355	0.7231	0.0531	0.0522		
		0.2172	0.2451	0.2512	0.247	0.2322	0.2244	0.3702	0.2843	0.2382	1.2847	0.0564	0.052		
		0.1977	0.2875	0.2733	0.2668	0.2564	0.2638	0.3075	0.2637	0.2417	1.4919	0.0548	0.0518		
		0.2486	0.4444	0.2581	0.2594	0.2541	0.2574	0.2636	0.2786	0.2358	1.5384	0.0522	0.0536		
		
6:00	37.00	0.1764	0.2613	0.2458	0.1854	0.247	0.2492	0.2604	0.2426	0.2437	0.2946	0.2597	0.054		
		0.2083	0.2396	0.2388	0.2273	0.2169	0.2411	0.2632	0.2379	0.2444	0.2771	0.2806	0.0537		
		0.1727	0.2545	0.2331	0.2554	0.1829	0.2419	0.2772	0.2582	0.274	0.0424	0.0542	0.0533		
		0.2112	0.1958	0.2311	0.2302	0.2452	0.2295	0.2813	0.2722	0.2235	0.3659	0.0556	0.0522		
		0.2097	0.292	0.2593	0.364	0.2502	0.2382	0.2863	0.2686	0.2359	0.7894	0.0531	0.0522		
		0.2163	0.2511	0.2509	0.2443	0.2484	0.2251	0.3879	0.2897	0.2369	1.223	0.0562	0.0521		
		0.1992	0.288	0.2757	0.2712	0.2586	0.2721	0.3101	0.2641	0.2484	1.4955	0.0547	0.0518		
		0.2551	0.4904	0.2574	0.2602	0.2537	0.2617	0.2625	0.2779	0.2376	1.6089	0.0522	0.0536		
		
7:00	37.00	0.1799	0.2669	0.2341	0.1907	0.2499	0.2553	0.2652	0.2516	0.2462	0.3027	0.2634	0.0539		
		0.2123	0.2408	0.2366	0.2267	0.2157	0.248	0.2632	0.2432	0.2447	0.279	0.2875	0.0537		
		0.1763	0.2504	0.2314	0.2587	0.1841	0.2354	0.2805	0.2511	0.2758	0.0424	0.0542	0.0532		
		0.2212	0.1937	0.2361	0.2251	0.2437	0.229	0.2844	0.2768	0.2182	0.3679	0.0557	0.0523		
		0.2189	0.2959	0.2637	0.3722	0.2508	0.2376	0.2841	0.2771	0.2422	0.8166	0.0531	0.0523		
		0.2158	0.2537	0.2492	0.2445	0.2444	0.2356	0.4054	0.2907	0.2411	1.2648	0.0562	0.0521		
		0.2002	0.2943	0.2786	0.2698	0.2537	0.263	0.3213	0.2617	0.2515	1.5162	0.0547	0.0517		
		0.2635	0.541	0.2605	0.2603	0.2515	0.2653	0.2625	0.2796	0.2401	1.6054	0.0521	0.0535		
		
8:00	37.00	0.1868	0.2642	0.2406	0.1938	0.2521	0.252	0.2697	0.2517	0.2451	0.306	0.2643	0.0538		
		0.2112	0.2427	0.2434	0.2346	0.2227	0.2477	0.2614	0.2474	0.2462	0.2833	0.2924	0.0537		
		0.1813	0.2555	0.2289	0.258	0.1877	0.242	0.2765	0.2561	0.2727	0.0423	0.0542	0.0533		
		0.231	0.1913	0.2377	0.2187	0.2419	0.2294	0.2824	0.2858	0.219	0.3642	0.0554	0.0522		
		0.2435	0.3054	0.2656	0.381	0.2525	0.2394	0.2863	0.2849	0.2418	0.7965	0.0531	0.0521		
		0.2158	0.2503	0.2491	0.2477	0.2555	0.23	0.4251	0.2927	0.2374	1.2239	0.0563	0.052		
		0.2029	0.2931	0.2812	0.2705	0.2573	0.2582	0.3286	0.2607	0.2465	1.4556	0.0548	0.0517		
		0.2783	0.5945	0.2629	0.2628	0.2497	0.2673	0.264	0.2811	0.2359	1.5455	0.0522	0.0535		
		
9:00	37.00	0.1924	0.2642	0.2509	0.1964	0.2561	0.2509	0.2702	0.2518	0.2501	0.3118	0.2663	0.0538		
		0.2126	0.2436	0.2303	0.236	0.2228	0.2473	0.2611	0.2508	0.2513	0.2836	0.292	0.0536		
		0.1883	0.2471	0.2285	0.2666	0.1901	0.249	0.2793	0.264	0.2779	0.0425	0.0543	0.0533		
		0.2407	0.1914	0.2364	0.2167	0.2378	0.2303	0.2832	0.2892	0.213	0.3826	0.0553	0.0522		
		0.2394	0.315	0.2645	0.3933	0.2492	0.238	0.2876	0.2923	0.2406	0.7915	0.0531	0.0521		
		0.2165	0.2483	0.2487	0.2432	0.2564	0.2382	0.4436	0.2935	0.2368	1.2314	0.0563	0.0521		
		0.205	0.2933	0.2859	0.2643	0.2552	0.2594	0.3374	0.2598	0.2485	1.4281	0.0548	0.0518		
		0.2921	0.6482	0.2655	0.264	0.2533	0.2705	0.265	0.2811	0.2423	1.6116	0.0521	0.0535		
		
10:00	37.00	0.199	0.2623	0.2471	0.1967	0.2549	0.2446	0.2753	0.2481	0.2566	0.3205	0.2681	0.0539		
		0.2043	0.2402	0.2437	0.2327	0.2188	0.2428	0.2643	0.2525	0.2536	0.2879	0.2948	0.0536		
		0.199	0.2452	0.2306	0.2556	0.1892	0.249	0.2828	0.2673	0.2796	0.0424	0.0543	0.0532		
		0.2544	0.1888	0.2312	0.2065	0.2377	0.233	0.2843	0.3008	0.2079	0.3902	0.0557	0.0522		
		0.2426	0.3181	0.2623	0.4021	0.2563	0.2409	0.2883	0.3031	0.2433	0.7873	0.0531	0.0522		
		0.2164	0.2468	0.2519	0.2441	0.2588	0.2326	0.46	0.2991	0.24	1.2312	0.0562	0.0521		
		0.2107	0.2924	0.2907	0.2762	0.2592	0.2613	0.3427	0.2598	0.2549	1.44	0.0548	0.0518		
		0.3041	0.7005	0.269	0.2648	0.2534	0.2757	0.2655	0.2809	0.2469	1.4023	0.052	0.0536		
		
11:00	37.00	0.2054	0.2631	0.2463	0.1911	0.2556	0.2487	0.2812	0.2407	0.2513	0.3238	0.2698	0.054		
		0.203	0.2407	0.2454	0.229	0.2198	0.2317	0.2606	0.2536	0.2573	0.2891	0.2972	0.0537		
		0.2079	0.2396	0.2373	0.2661	0.186	0.2493	0.2838	0.259	0.2818	0.0424	0.0543	0.0532		
		0.2644	0.1891	0.2394	0.2092	0.2356	0.2338	0.2833	0.2953	0.2173	0.3826	0.0559	0.0523		
		0.2519	0.3242	0.2629	0.4124	0.2567	0.2413	0.2927	0.3058	0.2462	0.7861	0.0531	0.0523		
		0.2193	0.2472	0.2495	0.2381	0.2644	0.2306	0.4769	0.3009	0.2354	1.1937	0.0563	0.0521		
		0.2294	0.3013	0.2961	0.272	0.2585	0.2532	0.3504	0.2531	0.2479	1.3723	0.0547	0.0519		
		0.3241	0.754	0.2728	0.2664	0.2563	0.2801	0.2677	0.2868	0.2432	1.6042	0.0521	0.0537		
		
12:00	37.00	0.2122	0.2622	0.2463	0.194	0.2567	0.2442	0.2874	0.2469	0.2524	0.3367	0.2703	0.0539		
		0.206	0.2428	0.2295	0.2385	0.2172	0.2366	0.2594	0.2544	0.254	0.2925	0.2973	0.0536		
		0.2118	0.2477	0.2416	0.2653	0.1802	0.2617	0.2845	0.2589	0.279	0.0424	0.0542	0.0532		
		0.2706	0.1852	0.2428	0.2031	0.2352	0.2341	0.2815	0.2965	0.2111	0.4079	0.0557	0.0522		
		0.2521	0.3348	0.2654	0.4269	0.2624	0.2505	0.2966	0.3173	0.2483	0.7852	0.053	0.0522		
		0.2193	0.2443	0.2531	0.2401	0.265	0.2349	0.4963	0.3021	0.2355	1.1627	0.0563	0.0521		
		0.2422	0.3021	0.3047	0.2633	0.2624	0.2628	0.3626	0.2607	0.2569	1.36	0.0547	0.0518		
		0.3419	0.8072	0.2767	0.2666	0.258	0.2846	0.2701	0.288	0.237	1.6099	0.0521	0.0535		
		
13:00	37.00	0.2197	0.2669	0.2525	0.1977	0.2618	0.2406	0.2843	0.2576	0.2472	0.3428	0.2692	0.0538		
		0.2138	0.2504	0.2288	0.238	0.2213	0.229	0.2578	0.2556	0.2496	0.2918	0.2988	0.0536		
		0.2152	0.2593	0.2423	0.2773	0.1829	0.2705	0.2829	0.2674	0.2841	0.0423	0.0543	0.0533		
		0.2735	0.1857	0.2402	0.2066	0.236	0.2357	0.2832	0.3	0.2088	0.3959	0.0554	0.0522		
		0.2458	0.3469	0.2707	0.4406	0.2641	0.2492	0.2972	0.3147	0.2517	0.7843	0.0531	0.0522		
		0.2168	0.2502	0.2578	0.2494	0.2756	0.2435	0.5159	0.3076	0.2398	1.1613	0.0562	0.0521		
		0.2462	0.3018	0.3109	0.2689	0.2558	0.2508	0.3775	0.2614	0.2457	1.4001	0.0549	0.0517		
		0.3627	0.8629	0.2808	0.2679	0.2596	0.2882	0.2731	0.2854	0.2449	1.6056	0.0522	0.0535		
		
14:00	37.00	0.2262	0.2655	0.2462	0.2005	0.2641	0.2507	0.2846	0.2507	0.2531	0.3493	0.2741	0.0537		
		0.2128	0.2458	0.2275	0.2369	0.2171	0.216	0.2509	0.2553	0.2547	0.2964	0.2989	0.0536		
		0.2222	0.2473	0.2389	0.2757	0.1803	0.2733	0.2852	0.2627	0.2782	0.0423	0.0542	0.0532		
		0.2741	0.1849	0.2401	0.2142	0.2366	0.2354	0.2843	0.3017	0.2209	0.4032	0.0556	0.0522		
		0.2363	0.3539	0.2727	0.4512	0.2679	0.2471	0.299	0.334	0.2528	0.7835	0.053	0.0521		
		0.2106	0.2493	0.2532	0.2505	0.2781	0.2376	0.5361	0.3088	0.2292	1.0972	0.0563	0.052		
		0.2459	0.304	0.3147	0.2734	0.2559	0.2395	0.3842	0.2612	0.2486	1.3899	0.0547	0.0518		
		0.3654	0.9126	0.2836	0.2673	0.262	0.2905	0.2729	0.286	0.2371	1.5999	0.0521	0.0535		
		
15:00	37.00	0.2334	0.2734	0.2462	0.1989	0.2571	0.2358	0.2881	0.2564	0.2583	0.3594	0.2759	0.0538		
		0.2125	0.251	0.2298	0.2368	0.2236	0.2245	0.2483	0.2579	0.2544	0.3014	0.2996	0.0535		
		0.2312	0.2627	0.243	0.2831	0.1786	0.2793	0.287	0.2648	0.2814	0.0427	0.0543	0.0535		
		0.2814	0.1894	0.2368	0.2122	0.2403	0.2381	0.2844	0.3049	0.2127	0.3841	0.0555	0.0522		
		0.2331	0.3644	0.2748	0.4631	0.2745	0.2515	0.3028	0.3322	0.2565	0.7829	0.0531	0.0522		
		0.2124	0.2481	0.2521	0.2423	0.2916	0.2438	0.557	0.3101	0.2337	1.1364	0.0563	0.0521		
		0.2581	0.3097	0.3229	0.2671	0.267	0.2383	0.3971	0.2503	0.2483	1.3262	0.0549	0.0518		
		0.3844	0.9665	0.2888	0.2666	0.263	0.2941	0.2742	0.2874	0.2395	1.5946	0.0523	0.0536		
		
16:00	37.00	0.2401	0.2712	0.248	0.2061	0.259	0.2479	0.2918	0.2557	0.2608	0.3609	0.2759	0.0537		
		0.2147	0.2502	0.2333	0.241	0.224	0.2208	0.2557	0.2575	0.2487	0.3028	0.2986	0.0536		
		0.239	0.2575	0.2435	0.2837	0.1788	0.2855	0.2852	0.2627	0.2771	0.0428	0.0543	0.0533		
		0.2884	0.188	0.2457	0.2085	0.2413	0.2367	0.2794	0.308	0.2133	0.3895	0.0557	0.0522		
		0.2388	0.3725	0.2789	0.4745	0.2789	0.2529	0.2982	0.3406	0.2535	0.7826	0.0531	0.0521		
		0.211	0.2467	0.2501	0.2447	0.286	0.2384	0.5783	0.3121	0.2339	1.0469	0.0563	0.052		
		0.2657	0.3123	0.3325	0.2627	0.2816	0.2634	0.4114	0.2527	0.2485	1.2995	0.0548	0.0517		
		0.3965	1.0121	0.2927	0.2681	0.2638	0.3005	0.2759	0.285	0.2329	1.5892	0.0521	0.0535		
		
17:00	37.00	0.247	0.273	0.2522	0.208	0.2638	0.2397	0.3031	0.2556	0.2563	0.3716	0.282	0.0538		
		0.2153	0.252	0.2219	0.2488	0.2261	0.2119	0.2446	0.2593	0.2465	0.3023	0.3	0.0536		
		0.245	0.2554	0.2452	0.2829	0.1795	0.287	0.2863	0.2606	0.2883	0.0429	0.0543	0.0534		
		0.3041	0.1922	0.2388	0.2034	0.2386	0.2371	0.2768	0.3147	0.2149	0.4193	0.0557	0.0522		
		0.2459	0.3832	0.2806	0.4853	0.2858	0.2557	0.3059	0.3425	0.26	0.7821	0.0531	0.0521		
		0.2105	0.2489	0.2476	0.254	0.2973	0.237	0.5971	0.3188	0.2318	1.1522	0.0563	0.0521		
		0.2546	0.3149	0.3366	0.2627	0.2656	0.2588	0.4207	0.2569	0.2414	1.2997	0.0549	0.0518		
		0.4133	1.0572	0.2965	0.2685	0.2648	0.3077	0.2758	0.2877	0.2445	1.5871	0.0522	0.0535		
		
18:00	37.00	0.2545	0.2719	0.2614	0.2098	0.2673	0.2347	0.3032	0.2544	0.2649	0.3726	0.2765	0.0538		
		0.2219	0.258	0.2275	0.2397	0.231	0.2127	0.256	0.2578	0.2522	0.3074	0.3009	0.0536		
		0.2533	0.2551	0.2518	0.2882	0.1798	0.2974	0.2871	0.2624	0.2789	0.0428	0.0543	0.0533		
		0.3236	0.1932	0.2463	0.2104	0.24	0.2403	0.2817	0.3172	0.2111	0.4096	0.0556	0.0521		
		0.2504	0.3958	0.2829	0.4964	0.2905	0.2595	0.3083	0.3438	0.261	0.7804	0.053	0.0522		
		0.2262	0.241	0.254	0.25	0.3079	0.2418	0.6175	0.3194	0.2316	1.0484	0.0563	0.0521		
		0.2518	0.3137	0.3407	0.259	0.266	0.245	0.4387	0.2612	0.2384	1.3478	0.0549	0.0517		
		0.4312	1.1025	0.3022	0.2708	0.2666	0.3153	0.277	0.2818	0.2257	1.5857	0.0521	0.0535		
		
19:00	37.00	0.2614	0.2734	0.2604	0.2076	0.2755	0.2404	0.3066	0.2523	0.2681	0.3804	0.2806	0.0537		
		0.2209	0.2578	0.2396	0.2396	0.2347	0.212	0.247	0.2576	0.251	0.3081	0.2919	0.0535		
		0.2621	0.2599	0.2528	0.2794	0.1839	0.3038	0.288	0.2648	0.2834	0.0428	0.0543	0.0533		
		0.3346	0.1943	0.2379	0.2148	0.2378	0.2426	0.2818	0.3226	0.2243	0.4107	0.0557	0.0522		
		0.248	0.4078	0.2893	0.5075	0.3015	0.2579	0.3131	0.3403	0.265	0.7803	0.0531	0.0522		
		0.2349	0.2503	0.2582	0.2462	0.3135	0.2348	0.6357	0.3233	0.2341	1.0771	0.0563	0.052		
		0.2499	0.325	0.3471	0.2607	0.2648	0.2497	0.453	0.2554	0.2376	1.3437	0.0549	0.0517		
		0.4461	1.1295	0.3071	0.2681	0.268	0.3226	0.2784	0.2846	0.2236	1.5818	0.0521	0.0535		
		
20:00	37.00	0.2684	0.2718	0.2646	0.2171	0.2731	0.2448	0.3103	0.243	0.2597	0.3853	0.279	0.0538		
		0.2249	0.258	0.2441	0.2414	0.2389	0.2097	0.2292	0.254	0.2491	0.3092	0.2921	0.0537		
		0.2687	0.2533	0.2513	0.2827	0.1854	0.3105	0.2911	0.2617	0.2851	0.043	0.0543	0.0531		
		0.343	0.1954	0.2439	0.2116	0.2413	0.2423	0.2821	0.3264	0.2088	0.4075	0.0558	0.0523		
		0.2548	0.4162	0.2915	0.5199	0.3034	0.2653	0.3127	0.3465	0.2696	0.7799	0.0531	0.0522		
		0.2447	0.2435	0.2561	0.247	0.3174	0.2369	0.6545	0.3215	0.221	1.1571	0.0562	0.0521		
		0.2542	0.323	0.3497	0.2674	0.2679	0.2376	0.4695	0.2473	0.2412	1.3456	0.0549	0.0517		
		0.4623	1.1377	0.3091	0.2666	0.2689	0.3216	0.2803	0.2786	0.2259	1.5791	0.0521	0.0536		
		
21:00	37.00	0.2764	0.272	0.2674	0.2173	0.2757	0.2477	0.3179	0.239	0.2604	0.3928	0.279	0.0536		
		0.2269	0.2605	0.231	0.2492	0.2428	0.2154	0.2356	0.2557	0.2443	0.3139	0.2927	0.0535		
		0.277	0.2685	0.2549	0.284	0.1919	0.3131	0.2892	0.2634	0.2766	0.043	0.0543	0.0535		
		0.3523	0.199	0.2413	0.2114	0.2451	0.2459	0.2863	0.3268	0.2138	0.4063	0.0555	0.0522		
		0.2613	0.4302	0.2955	0.5297	0.3072	0.2639	0.3169	0.344	0.2758	0.7788	0.0531	0.0521		
		0.2492	0.2554	0.2579	0.2518	0.3285	0.2372	0.668	0.3189	0.2285	1.0847	0.0564	0.0521		
		0.2597	0.3308	0.3553	0.2612	0.2637	0.2391	0.4858	0.2511	0.2349	1.3452	0.0549	0.0518		
		0.481	1.1333	0.3166	0.2665	0.2718	0.3293	0.2833	0.2802	0.2211	1.5787	0.0521	0.0534		
		
22:00	37.00	0.2831	0.2686	0.2684	0.2224	0.276	0.2422	0.3224	0.2303	0.2646	0.3958	0.2753	0.0537		
		0.2296	0.2617	0.241	0.2474	0.2441	0.2138	0.221	0.2534	0.2507	0.3141	0.2895	0.0536		
		0.2839	0.2683	0.2546	0.2866	0.1942	0.3209	0.2922	0.2564	0.2817	0.0428	0.0543	0.0532		
		0.3619	0.2036	0.2408	0.2067	0.2468	0.2466	0.2875	0.3309	0.2134	0.4044	0.0557	0.0522		
		0.2601	0.4434	0.2928	0.5433	0.3123	0.2669	0.3164	0.3537	0.2766	0.7783	0.0531	0.0522		
		0.2426	0.2559	0.2569	0.2504	0.337	0.2321	0.6889	0.3222	0.2261	1.0451	0.0563	0.052		
		0.2672	0.337	0.3627	0.2611	0.2586	0.2486	0.5051	0.2483	0.2401	1.3435	0.0549	0.0517		
		0.4955	1.1486	0.3172	0.2678	0.2757	0.3334	0.2858	0.2752	0.2246	1.5749	0.052	0.0536		
		
23:00	37.00	0.2903	0.2704	0.2747	0.2286	0.2787	0.2442	0.326	0.2405	0.2683	0.4005	0.2791	0.0537		
		0.223	0.2603	0.2447	0.2595	0.2466	0.2179	0.2298	0.2546	0.2428	0.3183	0.2873	0.0537		
		0.2912	0.2803	0.2565	0.292	0.1964	0.3197	0.2934	0.2515	0.2735	0.0429	0.0543	0.0532		
		0.3708	0.2089	0.2429	0.2108	0.251	0.2464	0.2903	0.3368	0.2189	0.4035	0.0557	0.0521		
		0.2678	0.4555	0.2951	0.5526	0.3199	0.2661	0.3198	0.3629	0.2851	0.7776	0.053	0.0521		
		0.2429	0.2591	0.2557	0.2563	0.347	0.2227	0.7028	0.3197	0.2254	1.0393	0.0562	0.0521		
		0.2946	0.3418	0.3694	0.2695	0.2614	0.2386	0.5187	0.2532	0.2343	1.3413	0.0549	0.0518		
		0.5103	1.1478	0.3219	0.2674	0.2756	0.3435	0.2833	0.2758	0.228	1.5726	0.0521	0.0536		
		
24:00	37.00	0.2987	0.2849	0.2748	0.2295	0.2832	0.232	0.3321	0.2402	0.273	0.41	0.2759	0.0536		
		0.2248	0.2564	0.2389	0.2621	0.25	0.2207	0.2425	0.252	0.2482	0.3216	0.2927	0.0536		
		0.2993	0.2701	0.2627	0.2972	0.1966	0.3309	0.2954	0.2609	0.2709	0.0429	0.0543	0.0532		
		0.3801	0.2125	0.2453	0.2112	0.2543	0.2457	0.2939	0.3451	0.2276	0.4029	0.0557	0.0522		
		0.2562	0.4666	0.3003	0.5635	0.3241	0.267	0.3247	0.3694	0.2885	0.7775	0.0531	0.0521		
		0.2448	0.2623	0.2601	0.2546	0.351	0.2346	0.7121	0.3165	0.2269	1.012	0.0563	0.0521		
		0.2839	0.3422	0.3788	0.2728	0.2561	0.2477	0.5381	0.2736	0.2377	1.3369	0.0549	0.0518		
		0.5234	1.138	0.3256	0.2678	0.2754	0.3517	0.2832	0.2732	0.2271	1.571	0.0521	0.0535		
		
25:00	37.00	0.3057	0.2849	0.2749	0.228	0.2871	0.2539	0.3376	0.2324	0.2769	0.4208	0.2766	0.0536		
		0.2263	0.257	0.2408	0.2588	0.2527	0.2159	0.2267	0.2513	0.2405	0.3189	0.2888	0.0536		
		0.3063	0.2677	0.2637	0.2988	0.1993	0.339	0.2943	0.2506	0.271	0.0426	0.0543	0.0534		
		0.3894	0.2174	0.2496	0.2126	0.2547	0.2463	0.2963	0.3488	0.2137	0.4035	0.0554	0.0521		
		0.2583	0.4794	0.3026	0.5764	0.3351	0.2716	0.3206	0.3729	0.291	0.7775	0.0531	0.0521		
		0.2616	0.2731	0.2564	0.2552	0.3586	0.2394	0.7284	0.3119	0.2303	1.0562	0.0563	0.052		
		0.2892	0.3468	0.3833	0.2759	0.2579	0.241	0.558	0.2573	0.2415	1.3313	0.0549	0.0518		
		0.5343	1.1505	0.3305	0.2686	0.2764	0.3488	0.2806	0.2737	0.2283	1.5731	0.0521	0.0534		
		
26:00	37.00	0.3126	0.2823	0.2745	0.2287	0.2879	0.2281	0.3441	0.2393	0.2783	0.4305	0.2741	0.0539		
		0.2385	0.2599	0.2503	0.2498	0.2557	0.2232	0.2246	0.2485	0.2497	0.3242	0.2891	0.0536		
		0.3138	0.2705	0.2679	0.2993	0.2009	0.3462	0.2998	0.2549	0.2695	0.0425	0.0543	0.0533		
		0.3977	0.2172	0.2486	0.2326	0.2548	0.2409	0.3022	0.349	0.2294	0.4037	0.0557	0.0522		
		0.265	0.4871	0.3057	0.5861	0.3398	0.2697	0.3234	0.3811	0.2932	0.7773	0.0532	0.0521		
		0.267	0.2668	0.254	0.2542	0.3698	0.2358	0.7464	0.3147	0.2255	1.0179	0.0563	0.0521		
		0.2853	0.3535	0.3938	0.277	0.2553	0.2387	0.5712	0.2575	0.235	1.3301	0.0549	0.0518		
		0.5444	1.1509	0.3395	0.2692	0.2766	0.3481	0.283	0.279	0.2247	1.5729	0.0521	0.0535		
		
27:00	37.00	0.3192	0.2877	0.2795	0.238	0.2855	0.2424	0.3498	0.2311	0.2809	0.434	0.278	0.0537		
		0.2458	0.2666	0.2566	0.2556	0.261	0.2305	0.2227	0.2497	0.243	0.3265	0.2815	0.0535		
		0.3214	0.2893	0.2753	0.309	0.2044	0.3511	0.2968	0.2457	0.2727	0.0424	0.0543	0.0535		
		0.4084	0.226	0.2481	0.2359	0.2644	0.2417	0.303	0.35	0.2156	0.4039	0.0553	0.0521		
		0.2696	0.4958	0.3083	0.5982	0.3457	0.276	0.3212	0.3888	0.2997	0.7767	0.0531	0.0521		
		0.2738	0.2764	0.2589	0.2641	0.378	0.2462	0.7629	0.3125	0.2266	1.067	0.0563	0.052		
		0.2819	0.3576	0.4022	0.2793	0.2399	0.2481	0.595	0.2619	0.2446	1.3277	0.0548	0.0517		
		0.5571	1.1589	0.3434	0.2695	0.2805	0.3577	0.2842	0.2769	0.2307	1.573	0.0521	0.0535		
		
28:00	37.00	0.3258	0.279	0.2817	0.2344	0.2901	0.2336	0.3528	0.2348	0.2777	0.4489	0.2728	0.0538		
		0.2552	0.2627	0.2654	0.2507	0.2604	0.2273	0.2264	0.2583	0.2466	0.3263	0.2835	0.0536		
		0.3275	0.2894	0.2744	0.3116	0.2026	0.3543	0.2987	0.2507	0.2641	0.0425	0.0544	0.0533		
		0.4157	0.2251	0.2537	0.2192	0.2663	0.2379	0.3057	0.3573	0.2234	0.404	0.0559	0.0522		
		0.2712	0.5006	0.311	0.6066	0.3481	0.2841	0.3248	0.3952	0.3037	0.7777	0.0531	0.0522		
		0.2742	0.2761	0.2516	0.2609	0.3843	0.2439	0.78	0.3102	0.23	1.021	0.0563	0.052		
		0.2806	0.3503	0.4037	0.2881	0.2513	0.2515	0.6124	0.2616	0.2445	1.3315	0.0549	0.0518		
		0.5637	1.152	0.3411	0.2687	0.279	0.3676	0.2823	0.2743	0.2306	1.5753	0.0521	0.0536		
		
29:00	37.00	0.3333	0.2825	0.2844	0.2375	0.2924	0.2396	0.3575	0.2552	0.278	0.4544	0.2747	0.0537		
		0.255	0.2624	0.2552	0.2622	0.265	0.2294	0.2377	0.2588	0.2478	0.3263	0.2928	0.0535		
		0.3338	0.2711	0.2781	0.3144	0.2037	0.3578	0.2973	0.2593	0.2675	0.0424	0.0543	0.0534		
		0.4232	0.226	0.2454	0.221	0.2616	0.237	0.3066	0.3549	0.2316	0.4033	0.0558	0.0522		
		0.273	0.5121	0.3156	0.6164	0.357	0.2778	0.3275	0.4046	0.3072	0.777	0.0531	0.0521		
		0.2637	0.2769	0.2426	0.2698	0.3859	0.2377	0.7939	0.3053	0.2271	1.0063	0.0563	0.052		
		0.2841	0.3546	0.4144	0.2875	0.2622	0.2547	0.62	0.2732	0.2498	1.3322	0.0549	0.0517		
		0.5833	1.1449	0.3496	0.2729	0.2803	0.3788	0.2839	0.2713	0.2333	1.5756	0.0521	0.0534		
		
30:00	37.00	0.3393	0.2782	0.2839	0.2457	0.2931	0.2441	0.3654	0.2471	0.2708	0.4618	0.2745	0.0538		
		0.2704	0.2696	0.2589	0.2549	0.2655	0.2279	0.2346	0.262	0.2462	0.3234	0.2933	0.0536		
		0.3409	0.2841	0.2833	0.3203	0.2068	0.3667	0.2996	0.2503	0.2607	0.0426	0.0543	0.0532		
		0.4313	0.2321	0.2488	0.2201	0.2634	0.2344	0.31	0.3546	0.2412	0.4034	0.0561	0.0522		
		0.2751	0.5262	0.3106	0.6271	0.3654	0.2802	0.3281	0.411	0.3103	0.7749	0.053	0.0521		
		0.2729	0.2827	0.2496	0.2726	0.3932	0.2454	0.806	0.3187	0.229	0.9978	0.0562	0.052		
		0.2857	0.3562	0.4191	0.2862	0.2448	0.2484	0.6447	0.2678	0.251	1.3335	0.0549	0.0517		
		0.5979	1.1464	0.3484	0.2729	0.2857	0.3852	0.2876	0.2651	0.2317	1.5766	0.052	0.0535		
		
31:00	37.00	0.3468	0.2871	0.2845	0.2424	0.2895	0.2413	0.3728	0.233	0.2688	0.4721	0.2783	0.0537		
		0.2746	0.2802	0.2746	0.2571	0.2675	0.2251	0.2291	0.2581	0.248	0.3264	0.2889	0.0535		
		0.3479	0.279	0.2922	0.3252	0.2113	0.3722	0.3053	0.2473	0.2649	0.0431	0.0544	0.0534		
		0.442	0.2401	0.2576	0.2361	0.2642	0.2392	0.3126	0.3571	0.2252	0.4028	0.0557	0.0521		
		0.279	0.5362	0.318	0.6394	0.3709	0.2864	0.3224	0.4166	0.3187	0.7734	0.0531	0.0521		
		0.278	0.2896	0.2458	0.2712	0.3966	0.24	0.8235	0.3196	0.2322	1.005	0.0563	0.052		
		0.3003	0.3671	0.429	0.291	0.2423	0.2573	0.6587	0.2712	0.2518	1.3351	0.055	0.0517		
		0.604	1.1557	0.3619	0.2765	0.2843	0.3879	0.2947	0.2719	0.2386	1.5786	0.0521	0.0536		
		
32:00	37.00	0.3535	0.2961	0.2875	0.2511	0.2934	0.244	0.3758	0.24	0.2749	0.4797	0.2801	0.0538		
		0.274	0.2787	0.2732	0.2607	0.269	0.2346	0.2414	0.2723	0.2473	0.3206	0.2947	0.0536		
		0.3542	0.2814	0.2959	0.3285	0.2105	0.3794	0.3052	0.2553	0.2713	0.0429	0.0544	0.0533		
		0.4499	0.242	0.2534	0.2306	0.271	0.2377	0.3136	0.3614	0.2376	0.4024	0.0557	0.0521		
		0.2814	0.5384	0.3214	0.6475	0.3794	0.2845	0.3183	0.4259	0.3214	0.7735	0.0531	0.0521		
		0.2738	0.2906	0.2502	0.2778	0.4061	0.2407	0.8347	0.3179	0.2323	1.0164	0.0562	0.052		
		0.3152	0.3805	0.4383	0.297	0.2479	0.2565	0.6718	0.2817	0.2586	1.3341	0.0549	0.0517		
		0.6149	1.1535	0.3634	0.2786	0.2858	0.3915	0.3025	0.271	0.2348	1.5743	0.0522	0.0535		
		
33:00	37.00	0.3603	0.3016	0.2927	0.2525	0.2839	0.232	0.3814	0.2377	0.2752	0.4891	0.2812	0.0536		
		0.282	0.2843	0.2758	0.2765	0.2749	0.235	0.237	0.2727	0.2502	0.3194	0.294	0.0535		
		0.3602	0.2842	0.3004	0.3323	0.2125	0.3787	0.3002	0.2593	0.2684	0.0431	0.0544	0.0534		
		0.4574	0.2481	0.258	0.2273	0.2705	0.2397	0.3159	0.3576	0.2324	0.4018	0.0557	0.052		
		0.2867	0.5501	0.3241	0.6611	0.3854	0.2806	0.3133	0.4325	0.3266	0.7732	0.053	0.0521		
		0.2669	0.2918	0.2442	0.2755	0.4118	0.2465	0.8486	0.318	0.2316	1.0398	0.0563	0.052		
		0.304	0.3782	0.444	0.2978	0.2452	0.264	0.6898	0.2787	0.2573	1.3351	0.0549	0.0517		
		0.6246	1.1632	0.3705	0.2839	0.2861	0.403	0.3077	0.2779	0.2366	1.5741	0.0522	0.0535		
		
34:00	37.00	0.3671	0.3035	0.2905	0.2518	0.2866	0.2366	0.393	0.2369	0.2802	0.4987	0.2828	0.0538		
		0.2851	0.2907	0.2754	0.2815	0.276	0.2415	0.2427	0.2665	0.2507	0.3218	0.2956	0.0537		
		0.3674	0.2953	0.3025	0.3331	0.2158	0.388	0.3052	0.2513	0.2728	0.0431	0.0544	0.0533		
		0.4621	0.25	0.2638	0.2309	0.2671	0.2408	0.3206	0.3617	0.2369	0.4015	0.0557	0.0522		
		0.2979	0.5654	0.326	0.6685	0.394	0.2822	0.3205	0.4408	0.332	0.7733	0.0531	0.0521		
		0.2844	0.2944	0.251	0.2785	0.4183	0.249	0.8589	0.3245	0.2378	1.0255	0.0564	0.052		
		0.2997	0.3842	0.4509	0.2978	0.2477	0.2564	0.7104	0.2775	0.2654	1.3311	0.055	0.0517		
		0.6314	1.1593	0.3735	0.2847	0.2915	0.4088	0.3108	0.2756	0.2385	1.5713	0.0521	0.0536		
		
35:00	37.00	0.3732	0.3097	0.3	0.2543	0.2927	0.2441	0.3999	0.24	0.2866	0.5099	0.2884	0.0538		
		0.2887	0.2983	0.2871	0.2736	0.279	0.2391	0.2316	0.2755	0.2534	0.3236	0.2949	0.0536		
		0.3731	0.3032	0.3112	0.3402	0.2175	0.3954	0.3003	0.2607	0.2751	0.0431	0.0544	0.0535		
		0.4698	0.2566	0.263	0.2367	0.2648	0.2438	0.3238	0.3668	0.2338	0.4015	0.0558	0.0522		
		0.2938	0.5746	0.3368	0.6818	0.3994	0.2837	0.3217	0.45	0.3364	0.7734	0.0531	0.0521		
		0.2876	0.2968	0.2496	0.2716	0.4244	0.2511	0.8713	0.3261	0.2366	1.0229	0.0564	0.0521		
		0.3022	0.3981	0.4616	0.3008	0.2434	0.2632	0.7081	0.3001	0.2677	1.3332	0.055	0.0517		
		0.6362	1.1598	0.3838	0.2906	0.2953	0.4237	0.3155	0.2854	0.241	1.5716	0.0521	0.0536		
		
36:00	37.00	0.38	0.3098	0.3086	0.2637	0.291	0.2453	0.4037	0.2416	0.2923	0.5167	0.29	0.0537		
		0.294	0.2998	0.2801	0.2669	0.2798	0.244	0.2417	0.286	0.252	0.322	0.2936	0.0536		
		0.3799	0.3098	0.3135	0.346	0.2206	0.4013	0.3019	0.2601	0.2703	0.0429	0.0544	0.0533		
		0.4768	0.2579	0.269	0.2283	0.2579	0.2455	0.325	0.3657	0.2348	0.4013	0.0558	0.0522		
		0.2935	0.5867	0.3409	0.6907	0.4067	0.2827	0.321	0.4568	0.3378	0.7712	0.053	0.0521		
		0.2914	0.2954	0.2524	0.2674	0.4298	0.2558	0.8861	0.3336	0.2446	1.0057	0.0563	0.0521		
		0.3061	0.4067	0.4687	0.3013	0.2463	0.2611	0.7289	0.3035	0.2662	1.3289	0.055	0.0517		
		0.634	1.1577	0.3867	0.2936	0.3047	0.427	0.3176	0.281	0.241	1.5701	0.0521	0.0535		
		
37:00	37.00	0.3868	0.3181	0.3058	0.2671	0.2921	0.247	0.4106	0.2391	0.303	0.5267	0.294	0.0537		
		0.2857	0.3006	0.2818	0.2857	0.2842	0.2457	0.243	0.2864	0.2527	0.3228	0.2925	0.0536		
		0.3856	0.3121	0.3197	0.3502	0.2221	0.4113	0.2981	0.2633	0.2685	0.0429	0.0544	0.0536		
		0.4855	0.2621	0.2761	0.2284	0.272	0.2464	0.3234	0.3673	0.2303	0.4013	0.0556	0.0522		
		0.2933	0.5919	0.3525	0.7059	0.4118	0.2862	0.3254	0.4625	0.3451	0.7741	0.0531	0.0521		
		0.2836	0.2918	0.2573	0.2638	0.437	0.2528	0.8999	0.334	0.2378	1.0336	0.0563	0.0521		
		0.3064	0.4131	0.4767	0.3069	0.249	0.2665	0.746	0.2993	0.2778	1.3258	0.0549	0.0518		
		0.6403	1.1584	0.3954	0.2997	0.3127	0.4333	0.3151	0.2838	0.2447	1.5711	0.0521	0.0536		
		
38:00	37.00	0.3936	0.3253	0.3114	0.2684	0.2923	0.2441	0.4138	0.2435	0.3174	0.5369	0.2975	0.0538		
		0.2869	0.308	0.2905	0.2885	0.2878	0.2481	0.251	0.2748	0.2544	0.3233	0.2941	0.0536		
		0.3922	0.3158	0.3248	0.3541	0.2248	0.4098	0.2978	0.2671	0.2733	0.0429	0.0544	0.0535		
		0.4948	0.2659	0.2807	0.2348	0.2606	0.2506	0.3214	0.371	0.2335	0.4006	0.0557	0.0522		
		0.2952	0.6017	0.3575	0.7117	0.4175	0.2854	0.3274	0.4711	0.3508	0.7742	0.053	0.0521		
		0.2875	0.2888	0.258	0.2728	0.4451	0.2581	0.9108	0.3377	0.2445	1.032	0.0564	0.052		
		0.3118	0.4229	0.4804	0.3072	0.2491	0.2769	0.7488	0.3038	0.2722	1.3257	0.0549	0.0518		
		0.6458	1.1581	0.4017	0.3016	0.3119	0.4369	0.3195	0.283	0.2482	1.5717	0.052	0.0536		
		
39:00	37.00	0.3992	0.3242	0.3156	0.2734	0.3028	0.2509	0.4236	0.2495	0.3249	0.548	0.2991	0.0537		
		0.2737	0.3048	0.2911	0.2876	0.2857	0.2534	0.2485	0.29	0.2551	0.334	0.3008	0.0535		
		0.3976	0.3169	0.3246	0.3604	0.2244	0.4191	0.2923	0.268	0.2853	0.0429	0.0544	0.0533		
		0.5007	0.2645	0.2788	0.2324	0.25	0.2529	0.3185	0.3691	0.235	0.4006	0.0559	0.0522		
		0.3175	0.6139	0.3606	0.7229	0.4258	0.2879	0.3394	0.4802	0.3559	0.7747	0.0531	0.0521		
		0.2834	0.2987	0.2492	0.2573	0.4498	0.258	0.921	0.3436	0.2471	1.0354	0.0562	0.052		
		0.3181	0.4279	0.4908	0.3112	0.2747	0.2841	0.7615	0.3061	0.2849	1.3292	0.0549	0.0517		
		0.6558	1.1484	0.4059	0.3051	0.3125	0.447	0.3244	0.2993	0.2494	1.5704	0.0521	0.0536		
		
40:00	37.00	0.4076	0.324	0.3173	0.2817	0.3132	0.2576	0.4277	0.2443	0.3238	0.5611	0.3018	0.0538		
		0.2756	0.3133	0.2961	0.2827	0.2926	0.2529	0.2445	0.2956	0.2631	0.3385	0.297	0.0537		
		0.4062	0.3215	0.3276	0.3655	0.2291	0.4238	0.2911	0.2682	0.2729	0.0428	0.0544	0.0532		
		0.508	0.2679	0.279	0.2318	0.2492	0.2587	0.318	0.3669	0.2386	0.4017	0.0562	0.0522		
		0.3078	0.6137	0.3606	0.7306	0.435	0.2944	0.3397	0.4834	0.3616	0.7737	0.0531	0.0522		
		0.2798	0.2967	0.2593	0.2533	0.4581	0.2675	0.9329	0.3433	0.2608	1.0397	0.0563	0.052		
		0.3183	0.4244	0.4984	0.3143	0.2547	0.2702	0.7796	0.3142	0.2755	1.3298	0.055	0.0518		
		0.668	1.1467	0.4126	0.3062	0.3191	0.4479	0.3285	0.2773	0.2486	1.57	0.0521	0.0536		
		
41:00	37.00	0.415	0.3349	0.324	0.2752	0.3121	0.2554	0.43	0.2448	0.3289	0.5668	0.3087	0.0536		
		0.2819	0.3207	0.2961	0.2939	0.2968	0.2645	0.251	0.3008	0.2651	0.3386	0.3015	0.0534		
		0.4129	0.3247	0.3375	0.3714	0.2342	0.4311	0.2964	0.2701	0.2803	0.043	0.0544	0.0535		
		0.5174	0.2767	0.2886	0.2412	0.2479	0.259	0.328	0.3722	0.2368	0.4012	0.0555	0.0522		
		0.3021	0.6321	0.3706	0.7419	0.4415	0.2881	0.3409	0.4941	0.3655	0.7728	0.053	0.0521		
		0.289	0.3034	0.2626	0.2616	0.4679	0.2641	0.9485	0.3502	0.2515	1.0381	0.0563	0.052		
		0.3125	0.4359	0.5056	0.3178	0.258	0.2786	0.7934	0.3082	0.2822	1.3337	0.0549	0.0517		
		0.6879	1.1678	0.4243	0.3121	0.32	0.4586	0.3318	0.2899	0.2567	1.5675	0.052	0.0534		
		
42:00	37.00	0.4224	0.3295	0.3207	0.2812	0.3236	0.2549	0.4355	0.2474	0.3348	0.5818	0.3068	0.0537		
		0.2837	0.3205	0.3113	0.289	0.2986	0.2565	0.2496	0.3095	0.2619	0.3399	0.3033	0.0536		
		0.4198	0.3239	0.3348	0.3726	0.2342	0.4358	0.2993	0.2661	0.2785	0.0426	0.0544	0.0532		
		0.5236	0.2714	0.2883	0.2419	0.2494	0.2605	0.3236	0.3748	0.2429	0.4013	0.0562	0.0522		
		0.3122	0.6307	0.3723	0.7498	0.448	0.2952	0.35	0.4984	0.3727	0.7733	0.0531	0.0522		
		0.294	0.3013	0.2697	0.2651	0.4715	0.2726	0.957	0.3517	0.2675	1.0378	0.0563	0.052		
		0.3132	0.4393	0.5151	0.3202	0.2639	0.28	0.8091	0.2987	0.2834	1.3328	0.0549	0.0517		
		0.6974	1.1584	0.4265	0.3145	0.3142	0.4626	0.3385	0.2963	0.2563	1.5668	0.0521	0.0536		
		
43:00	37.00	0.428	0.3348	0.3257	0.2814	0.3247	0.2719	0.4391	0.2526	0.3372	0.5919	0.3077	0.0536		
		0.2945	0.3231	0.3023	0.3	0.303	0.2588	0.2514	0.3149	0.2601	0.3458	0.3044	0.0535		
		0.4246	0.3238	0.3365	0.3784	0.2385	0.442	0.2842	0.2675	0.282	0.0424	0.0544	0.0532		
		0.5299	0.2714	0.2885	0.2365	0.2567	0.2649	0.3166	0.3764	0.2395	0.4018	0.0563	0.0522		
		0.3107	0.6393	0.3771	0.7606	0.4553	0.3051	0.3551	0.504	0.3767	0.7736	0.0531	0.0521		
		0.2892	0.2849	0.2652	0.2664	0.48	0.2772	0.9624	0.3506	0.2697	1.0363	0.0563	0.052		
		0.3144	0.4364	0.5217	0.3227	0.2757	0.2805	0.8189	0.3037	0.2834	1.3351	0.0549	0.0518		
		0.7133	1.1554	0.4271	0.3163	0.3221	0.4636	0.3297	0.2961	0.2565	1.5704	0.0521	0.0535		
		
44:00	37.00	0.4399	0.3402	0.3307	0.2889	0.3319	0.2685	0.4448	0.2588	0.3486	0.6043	0.3125	0.0537		
		0.2968	0.3279	0.3135	0.2928	0.3073	0.2637	0.2576	0.3122	0.2667	0.3534	0.309	0.0535		
		0.4354	0.339	0.3448	0.3842	0.2396	0.4484	0.2898	0.277	0.2864	0.0425	0.0544	0.0534		
		0.5398	0.2781	0.2968	0.2498	0.2512	0.2707	0.3309	0.3828	0.2467	0.4014	0.056	0.0522		
		0.3146	0.6607	0.3851	0.7727	0.4651	0.3079	0.3631	0.5139	0.3815	0.7732	0.053	0.0521		
		0.2929	0.2886	0.2692	0.2772	0.487	0.2797	0.9838	0.3633	0.2664	1.0366	0.0564	0.0521		
		0.3233	0.4476	0.5257	0.3288	0.2587	0.2884	0.8361	0.3251	0.2898	1.3346	0.0549	0.0518		
		0.727	1.1659	0.4426	0.3227	0.3292	0.4704	0.3403	0.3032	0.2637	1.5721	0.052	0.0534		
		
45:00	37.00	0.4431	0.3447	0.3343	0.2942	0.3367	0.2734	0.4498	0.2547	0.3461	0.6159	0.3157	0.0536		
		0.3046	0.3354	0.3272	0.2993	0.3095	0.2646	0.2539	0.3111	0.2686	0.3616	0.3104	0.0535		
		0.4421	0.3425	0.3493	0.3924	0.242	0.4534	0.2915	0.2778	0.2832	0.0427	0.0544	0.0535		
		0.5489	0.284	0.3013	0.2462	0.2484	0.2701	0.337	0.3843	0.2442	0.401	0.0559	0.0521		
		0.3147	0.6621	0.391	0.7843	0.4682	0.3187	0.3616	0.5203	0.3862	0.7754	0.053	0.0521		
		0.297	0.295	0.2783	0.2758	0.4937	0.2814	0.9924	0.3629	0.2672	1.036	0.0563	0.0521		
		0.3455	0.4576	0.5408	0.3334	0.2816	0.2884	0.8573	0.3186	0.298	1.3357	0.055	0.0517		
		0.7393	1.1684	0.45	0.3257	0.335	0.4785	0.3392	0.3015	0.2694	1.5743	0.0521	0.0535		
		
46:00	37.00	0.4536	0.3479	0.3247	0.3003	0.3532	0.2831	0.4504	0.259	0.3505	0.627	0.3237	0.0537		
		0.2974	0.3406	0.3275	0.3156	0.3135	0.2697	0.2589	0.3095	0.2749	0.3676	0.3161	0.0536		
		0.4513	0.3447	0.3536	0.3993	0.2449	0.4618	0.2992	0.2758	0.2834	0.0426	0.0544	0.0533		
		0.5564	0.2827	0.3032	0.2517	0.2544	0.2736	0.3361	0.388	0.2473	0.4015	0.0559	0.0521		
		0.3222	0.6702	0.3964	0.797	0.481	0.3228	0.3686	0.5283	0.3903	0.7759	0.053	0.0521		
		0.2998	0.2876	0.2847	0.2713	0.5024	0.2855	1.0073	0.3715	0.2798	1.0358	0.0562	0.052		
		0.3478	0.4602	0.5369	0.3314	0.2767	0.3038	0.8761	0.3223	0.2985	1.3343	0.055	0.0517		
		0.7623	1.1737	0.4506	0.3383	0.3409	0.4896	0.3498	0.3091	0.2762	1.5735	0.052	0.0535		
		
47:00	37.00	0.464	0.3522	0.328	0.3109	0.3576	0.2805	0.4544	0.2608	0.3511	0.6383	0.3302	0.0537		
		0.3048	0.3475	0.3287	0.3184	0.3147	0.269	0.2608	0.3237	0.2733	0.3733	0.3216	0.0535		
		0.4565	0.3485	0.3556	0.4032	0.2496	0.4692	0.2952	0.2799	0.2843	0.0425	0.0544	0.0535		
		0.5663	0.2874	0.306	0.2573	0.2584	0.278	0.338	0.3887	0.2474	0.4004	0.0557	0.0521		
		0.3276	0.6865	0.3997	0.8065	0.4863	0.324	0.3814	0.5335	0.3937	0.7736	0.0531	0.0521		
		0.3159	0.2924	0.2842	0.2817	0.5089	0.2907	1.0217	0.3716	0.2728	1.036	0.0564	0.0521		
		0.3454	0.4669	0.5554	0.3347	0.2858	0.3039	0.8861	0.325	0.3017	1.3297	0.055	0.0517		
		0.7959	1.1835	0.4575	0.3463	0.3396	0.4904	0.3442	0.3125	0.2799	1.5707	0.0521	0.0535		
		
48:00	37.00	0.4774	0.3559	0.3377	0.3176	0.366	0.287	0.4532	0.2659	0.3579	0.6486	0.3379	0.0536		
		0.3078	0.352	0.3282	0.324	0.3155	0.2719	0.2673	0.3289	0.2757	0.3812	0.3248	0.0534		
		0.476	0.352	0.361	0.4099	0.2496	0.472	0.3056	0.2828	0.2847	0.0427	0.0543	0.0536		
		0.5759	0.2893	0.3134	0.2597	0.2682	0.2798	0.3349	0.3957	0.2496	0.4035	0.0556	0.0521		
		0.3364	0.6959	0.4056	0.8169	0.4942	0.3336	0.3851	0.5415	0.3997	0.7729	0.0531	0.0521		
		0.3165	0.2926	0.2911	0.2693	0.514	0.2891	1.036	0.3765	0.2751	1.0345	0.0563	0.052		
		0.3563	0.471	0.5483	0.3417	0.2994	0.3143	0.9044	0.3292	0.3074	1.3308	0.055	0.0518		
		0.8047	1.1785	0.4614	0.3523	0.3407	0.4939	0.3484	0.3142	0.2835	1.571	0.0521	0.0534		
		
49:00	37.00	0.483	0.3532	0.3315	0.3168	0.3706	0.2844	0.4591	0.2692	0.3578	0.6517	0.3472	0.0537		
		0.3114	0.3502	0.3457	0.3148	0.324	0.2753	0.2681	0.3358	0.2793	0.3787	0.331	0.0535		
		0.4843	0.3577	0.3623	0.4118	0.2547	0.4828	0.302	0.2841	0.284	0.0425	0.0544	0.0535		
		0.5846	0.2896	0.3151	0.2612	0.2685	0.2835	0.3389	0.4017	0.2552	0.4033	0.0559	0.0521		
		0.3397	0.7015	0.4081	0.823	0.497	0.3358	0.39	0.5482	0.4054	0.7737	0.0531	0.0521		
		0.3164	0.2922	0.2933	0.2844	0.5206	0.296	1.0476	0.3795	0.2856	1.0358	0.0563	0.052		
		0.3751	0.4717	0.5671	0.3372	0.298	0.3057	0.9242	0.3334	0.3075	1.3297	0.055	0.0518		
		0.8132	1.1915	0.4682	0.3439	0.3452	0.5063	0.3508	0.3216	0.2866	1.5721	0.0521	0.0535		
		
50:00	37.00	0.4862	0.358	0.3416	0.3277	0.3808	0.3009	0.4595	0.2792	0.3663	0.6637	0.3508	0.0538		
		0.3235	0.3573	0.3438	0.3208	0.3251	0.276	0.2689	0.3326	0.2847	0.3873	0.334	0.0536		
		0.4866	0.3585	0.3669	0.4234	0.2574	0.4892	0.3077	0.2894	0.2905	0.0424	0.0544	0.0534		
		0.596	0.294	0.3236	0.2708	0.2651	0.2882	0.3415	0.4122	0.2577	0.403	0.0559	0.0522		
		0.3426	0.7069	0.4121	0.8389	0.5137	0.3431	0.3902	0.5564	0.4088	0.7738	0.0531	0.0522		
		0.3189	0.2973	0.3055	0.2903	0.5307	0.2928	1.0579	0.3857	0.2867	1.0371	0.0563	0.0521		
		0.3601	0.4769	0.571	0.3472	0.3058	0.3144	0.9414	0.3391	0.3115	1.3299	0.055	0.0518		
		0.821	1.1969	0.4674	0.3454	0.3487	0.5163	0.3545	0.334	0.2857	1.5727	0.0521	0.0535		
		
51:00	37.00	0.4907	0.3609	0.3403	0.324	0.3847	0.2957	0.4723	0.2775	0.3613	0.6699	0.3551	0.0537		
		0.3217	0.3592	0.3484	0.3261	0.3308	0.2802	0.2741	0.3357	0.2841	0.3875	0.337	0.0536		
		0.4904	0.3558	0.3675	0.4285	0.2607	0.4921	0.3061	0.2909	0.2953	0.0424	0.0544	0.0533		
		0.6032	0.296	0.3305	0.2697	0.2709	0.2865	0.3406	0.4114	0.2647	0.4024	0.056	0.0522		
		0.3381	0.7242	0.4173	0.8468	0.5164	0.3534	0.3988	0.5647	0.4152	0.7743	0.0531	0.0521		
		0.3273	0.2949	0.3025	0.2909	0.5361	0.3043	1.0671	0.3893	0.2922	1.0374	0.0563	0.052		
		0.3627	0.4788	0.5737	0.3457	0.3087	0.3083	0.945	0.3382	0.3071	1.3292	0.0549	0.0518		
		0.8295	1.2025	0.4762	0.3439	0.3545	0.5176	0.3583	0.3393	0.2863	1.5726	0.0521	0.0534		
		
52:00	37.00	0.4952	0.3642	0.3474	0.3316	0.3887	0.3035	0.4642	0.2836	0.3659	0.6806	0.3622	0.0537		
		0.324	0.3632	0.3511	0.3285	0.3383	0.2817	0.2811	0.3396	0.2896	0.3938	0.3407	0.0536		
		0.4944	0.3636	0.373	0.433	0.2618	0.5025	0.3189	0.2956	0.2946	0.0426	0.0544	0.0533		
		0.6076	0.2982	0.3276	0.273	0.2708	0.2892	0.343	0.4167	0.2668	0.4025	0.0559	0.0521		
		0.3417	0.7328	0.4233	0.8606	0.5254	0.3527	0.4035	0.5729	0.4196	0.7745	0.053	0.0521		
		0.323	0.2983	0.3154	0.2907	0.5426	0.3045	1.0934	0.3938	0.2932	1.0352	0.0564	0.0521		
		0.3772	0.4892	0.5773	0.3555	0.315	0.3175	0.9684	0.3357	0.313	1.3325	0.055	0.0517		
		0.8386	1.2064	0.4853	0.3503	0.3544	0.5237	0.369	0.336	0.2886	1.5766	0.0522	0.0535		
		
53:00	37.00	0.4997	0.3684	0.3406	0.3313	0.3948	0.3032	0.4695	0.2866	0.368	0.6853	0.3629	0.0537		
		0.3404	0.3698	0.3611	0.3438	0.3406	0.2878	0.2729	0.3495	0.3001	0.3944	0.3428	0.0536		
		0.4983	0.3662	0.3739	0.4344	0.2672	0.508	0.3114	0.2983	0.2949	0.0424	0.0544	0.0533		
		0.6102	0.3073	0.3368	0.2786	0.2791	0.2924	0.3423	0.4235	0.2781	0.4019	0.0564	0.0522		
		0.3406	0.741	0.4258	0.8683	0.5298	0.3502	0.4047	0.5791	0.4255	0.775	0.0531	0.0522		
		0.3414	0.3073	0.3136	0.2998	0.5501	0.3126	1.109	0.3994	0.3023	1.0344	0.0563	0.0521		
		0.3777	0.4919	0.5861	0.3497	0.3123	0.3209	0.9905	0.3488	0.3127	1.3362	0.055	0.0517		
		0.8504	1.2167	0.4911	0.3501	0.3587	0.5271	0.3691	0.3403	0.2917	1.5806	0.0521	0.0536		
		
54:00	37.00	0.5057	0.3689	0.3503	0.34	0.3956	0.3086	0.475	0.2907	0.3757	0.6936	0.3743	0.0537		
		0.3286	0.3713	0.3674	0.3445	0.345	0.2945	0.2798	0.3443	0.2996	0.3992	0.3521	0.0535		
		0.5033	0.3622	0.3767	0.4413	0.2685	0.5139	0.314	0.3022	0.2992	0.0425	0.0543	0.0532		
		0.6167	0.3159	0.3399	0.2793	0.2751	0.2962	0.345	0.4376	0.2819	0.402	0.0563	0.0522		
		0.354	0.7525	0.4298	0.8816	0.5394	0.3374	0.4094	0.587	0.4328	0.7752	0.0531	0.0522		
		0.3464	0.3048	0.3218	0.3045	0.5573	0.3147	1.1224	0.4085	0.304	1.0343	0.0562	0.052		
		0.3824	0.4877	0.601	0.357	0.3151	0.3237	1.0084	0.3511	0.3168	1.3364	0.0548	0.0518		
		0.8635	1.2431	0.4973	0.3651	0.3609	0.5333	0.3789	0.3391	0.2982	1.5849	0.052	0.0535		
		
55:00	37.00	0.5093	0.3758	0.3521	0.3455	0.4021	0.313	0.482	0.2997	0.3759	0.7098	0.386	0.0537		
		0.3261	0.3807	0.375	0.345	0.3459	0.2977	0.2819	0.3525	0.3024	0.421	0.3668	0.0536		
		0.5096	0.3725	0.3811	0.4488	0.272	0.5257	0.3129	0.3072	0.3093	0.0428	0.0544	0.0533		
		0.6225	0.323	0.3502	0.2801	0.274	0.2956	0.3491	0.4418	0.2748	0.4023	0.056	0.0522		
		0.354	0.7595	0.439	0.8996	0.548	0.3413	0.423	0.5974	0.4376	0.7768	0.053	0.052		
		0.3468	0.3117	0.3282	0.3003	0.5615	0.311	1.1605	0.4108	0.2998	1.0345	0.0563	0.052		
		0.3859	0.4953	0.6107	0.3639	0.3187	0.3336	1.0291	0.3478	0.3221	1.3344	0.055	0.0518		
		0.8762	1.2565	0.5028	0.3704	0.373	0.5525	0.3858	0.3538	0.3002	1.5844	0.0521	0.0535		
		
56:00	37.00	0.5159	0.3799	0.3577	0.3433	0.4056	0.3109	0.486	0.3052	0.3688	0.7172	0.3803	0.0538		
		0.3257	0.385	0.3826	0.3409	0.3514	0.3049	0.2914	0.3527	0.3056	0.4284	0.3906	0.0536		
		0.5155	0.3786	0.3865	0.4549	0.2743	0.5321	0.3203	0.3093	0.314	0.0427	0.0543	0.0535		
		0.6284	0.3229	0.3575	0.2886	0.2844	0.2976	0.3548	0.4427	0.2819	0.4023	0.056	0.0521		
		0.3549	0.7743	0.4389	0.9126	0.5568	0.3466	0.4162	0.6044	0.4463	0.7768	0.0531	0.0521		
		0.3507	0.3136	0.334	0.3068	0.5696	0.3155	1.1712	0.4221	0.2998	1.0347	0.0564	0.0522		
		0.3895	0.5072	0.6086	0.3693	0.3226	0.3317	1.0315	0.3601	0.3235	1.3308	0.0551	0.0518		
		0.8915	1.3166	0.5074	0.3722	0.3747	0.562	0.3724	0.3491	0.3092	1.5844	0.0521	0.0534		
		
57:00	37.00	0.5227	0.3832	0.3549	0.3526	0.4105	0.3156	0.4916	0.3056	0.3741	0.7307	0.3745	0.0537		
		0.3326	0.3899	0.383	0.3442	0.3581	0.3097	0.2931	0.3473	0.3099	0.4302	0.4046	0.0535		
		0.5214	0.3849	0.3912	0.4594	0.2785	0.5334	0.3275	0.3121	0.3204	0.0428	0.0545	0.0536		
		0.6362	0.3375	0.3574	0.2892	0.2865	0.2996	0.3574	0.4468	0.2843	0.4028	0.0558	0.0521		
		0.3637	0.7911	0.4468	0.9291	0.563	0.3484	0.419	0.6128	0.4558	0.7782	0.0531	0.0521		
		0.3556	0.3192	0.3343	0.3168	0.5768	0.3198	1.208	0.43	0.3047	1.0366	0.0563	0.052		
		0.3876	0.513	0.6172	0.3715	0.3266	0.3326	1.055	0.3505	0.3274	1.3329	0.055	0.0517		
		0.9046	1.3249	0.516	0.3769	0.3727	0.5655	0.3637	0.3501	0.3117	1.5822	0.052	0.0535		
		
58:00	37.00	0.5283	0.3913	0.3545	0.3571	0.4152	0.325	0.5083	0.3129	0.3693	0.7442	0.3719	0.0536		
		0.339	0.3867	0.3939	0.3446	0.3592	0.3127	0.2985	0.3548	0.3132	0.4269	0.4043	0.0535		
		0.5256	0.3921	0.396	0.4645	0.2799	0.5451	0.332	0.3158	0.3229	0.0429	0.0543	0.0534		
		0.6428	0.3365	0.3605	0.2982	0.2873	0.3008	0.3576	0.4571	0.2851	0.4028	0.0559	0.0521		
		0.3654	0.8053	0.4525	0.9421	0.5696	0.3522	0.4246	0.6206	0.465	0.7779	0.053	0.052		
		0.352	0.3247	0.3435	0.3137	0.5887	0.3078	1.2676	0.4402	0.3045	1.035	0.0563	0.0521		
		0.3766	0.5123	0.6206	0.3764	0.3315	0.3321	1.0656	0.36	0.33	1.3331	0.0551	0.0518		
		0.9166	1.2793	0.5172	0.3748	0.3778	0.5779	0.3605	0.3549	0.3109	1.5841	0.0521	0.0535		
		
59:00	37.00	0.5322	0.394	0.3572	0.358	0.4162	0.3247	0.5022	0.3124	0.3688	0.7539	0.3766	0.0538		
		0.3427	0.3788	0.3984	0.3502	0.365	0.3255	0.2984	0.3624	0.3267	0.4241	0.3968	0.0536		
		0.5312	0.3888	0.3968	0.4685	0.2846	0.5501	0.3389	0.3156	0.322	0.043	0.0545	0.0532		
		0.652	0.3288	0.3666	0.2966	0.2904	0.3012	0.3592	0.4654	0.297	0.4029	0.0563	0.0522		
		0.3723	0.8057	0.4517	0.9604	0.5703	0.3512	0.4387	0.6275	0.4808	0.7784	0.0531	0.0521		
		0.3536	0.3232	0.3455	0.3174	0.5937	0.3252	1.282	0.4478	0.3182	1.0367	0.0563	0.052		
		0.4098	0.5151	0.6291	0.3813	0.3339	0.3386	1.097	0.3601	0.3266	1.3357	0.055	0.0518		
		0.9302	1.286	0.5254	0.3721	0.3792	0.5954	0.3612	0.3554	0.3345	1.5803	0.0521	0.0535		
		
1:00:00	37.00	0.5386	0.4001	0.358	0.3686	0.4299	0.3291	0.5093	0.3188	0.3717	0.7769	0.381	0.0537		
		0.3458	0.3913	0.4053	0.3528	0.3686	0.3288	0.3054	0.3532	0.3199	0.4242	0.3986	0.0534		
		0.5374	0.3969	0.4033	0.4792	0.2881	0.5594	0.3493	0.3241	0.3358	0.0428	0.0543	0.0536		
		0.6592	0.3386	0.3711	0.3054	0.2845	0.3056	0.3643	0.4632	0.2893	0.4029	0.0556	0.0521		
		0.3743	0.8282	0.4617	1.0012	0.5871	0.3531	0.4469	0.6389	0.4927	0.7788	0.0531	0.0521		
		0.3649	0.3307	0.3546	0.3234	0.598	0.3298	1.254	0.4553	0.315	1.0371	0.0564	0.0521		
		0.4057	0.5221	0.6344	0.3848	0.3424	0.3446	1.127	0.359	0.3363	1.34	0.0549	0.0518		
		0.9409	1.28	0.5334	0.3823	0.3919	0.5961	0.3671	0.3737	0.3496	1.5825	0.052	0.0535		
		
Time(hh:mm:ss)	Temperature(°C)	1	2	3	4	5	6	7	8	9	10	11	12		
		6.80395	2.376547	2.440945	3.797944	3.085163	3.037265	4.762723	0.925997	2.699788	8.629672	2.214246	NoFit	
		2.607074	2.766594	4.062096	2.582949	2.610444	3.061527	2.547923	2.161787	1.10596	2.640915	1.620783	NoFit	
		6.866124	3.240253	3.762757	4.154625	2.719399	5.694395	0.861137	0.942877	0.657927	0.003131	NoFit	-0.016364	
		8.318231	3.360849	2.16789	2.667786	0.693931	1.451222	1.502364	3.191692	1.205537	0.090169	NoFit	0	
		2.664265	9.626076	3.599339	10.994388	6.066785	2.145791	2.619286	6.610899	4.314564	21.34	0	NoFit	
		2.592078	1.465667	3.722581	1.418801	6.774964	2.712945	15.562507	2.506674	2.558809	26.5	NoFit	NoFit	
		3.475494	4.669899	6.686029	2.986476	3.195087	3.293435	14.569937	3.003485	2.763728	NoFit	0.005209	0	
		12.370206	13.547832	4.907827	2.332929	2.33019	6.007271	2.179746	1.307726	1.38542	NoFit	NoFit	0	
