Time(hh:mm:ss)	Temperature(°C)	1	2	3	4	5	6	7	8	9	10	11	12		
0:00	37.10	0.2094	0.2011	0.1829	0.2019	0.2049	0.2597	0.2036	0.2239	0.191	0.2041	0.2182	0.055		
		0.1804	0.2152	0.2039	0.1991	0.1895	0.1973	0.2082	0.208	0.1637	0.2118	0.0536	0.0536		
		0.1939	0.2273	0.2137	0.2354	0.2186	0.2013	0.2586	0.2215	0.1924	0.0421	0.054	0.0531		
		0.213	0.2103	0.1927	0.186	0.1844	0.2121	0.2171	0.2042	0.1794	0.4017	0.053	0.0558		
		0.191	0.2137	0.2166	0.2552	0.2168	0.1878	0.2008	0.178	0.1966	0.7283	0.0532	0.0532		
		0.188	0.2156	0.1955	0.186	0.1971	0.1926	0.3577	0.2296	0.1696	1.1164	0.0575	0.0529		
		0.2133	0.2042	0.2211	0.2068	0.2155	0.2055	0.2241	0.2419	0.1949	1.4006	0.055	0.0523		
		0.2178	0.2572	0.2176	0.1834	0.1588	0.1841	0.1856	0.1973	0.1489	1.6222	0.0544	0.0559		
		
1:00	37.00	0.203	0.1996	0.1822	0.1985	0.2057	0.2656	0.2065	0.2204	0.1885	0.2088	0.2209	0.0551		
		0.1724	0.2137	0.2051	0.2042	0.1897	0.193	0.2089	0.2134	0.1621	0.2144	0.0537	0.0536		
		0.1929	0.2147	0.2193	0.235	0.2191	0.2142	0.2544	0.2205	0.1924	0.0423	0.054	0.0531		
		0.2146	0.1931	0.1899	0.1836	0.1815	0.2066	0.2151	0.2026	0.1772	0.4012	0.053	0.0559		
		0.1869	0.2137	0.2188	0.2503	0.2158	0.1791	0.1987	0.1771	0.1952	0.7284	0.0531	0.0531		
		0.1861	0.2158	0.193	0.189	0.1981	0.1904	0.3918	0.2314	0.1738	1.1123	0.0575	0.0529		
		0.211	0.1958	0.2363	0.2078	0.2196	0.207	0.2283	0.246	0.1935	1.3988	0.055	0.0523		
		0.2225	0.2737	0.215	0.1903	0.1662	0.1884	0.1917	0.1935	0.1569	1.6228	0.0543	0.056		
		
2:00	37.00	0.2134	0.1991	0.1892	0.2233	0.2099	0.2771	0.2067	0.2203	0.1875	0.2151	0.2242	0.055		
		0.1757	0.2144	0.2072	0.2127	0.1936	0.1947	0.2107	0.2199	0.1692	0.2197	0.0535	0.0535		
		0.2035	0.218	0.2225	0.2366	0.2224	0.2337	0.2573	0.2226	0.1929	0.0423	0.054	0.0531		
		0.2225	0.199	0.1939	0.1832	0.1832	0.2092	0.219	0.2046	0.1797	0.4008	0.0529	0.0558		
		0.1891	0.2192	0.2263	0.2604	0.2216	0.1799	0.2023	0.18	0.1975	0.7273	0.0532	0.0531		
		0.1906	0.2204	0.1998	0.1891	0.2053	0.1978	0.4376	0.2352	0.18	1.1199	0.0575	0.0529		
		0.232	0.2004	0.252	0.213	0.2323	0.2133	0.2378	0.2495	0.196	1.3967	0.055	0.0523		
		0.2356	0.2972	0.2214	0.2014	0.1752	0.1993	0.199	0.1961	0.1636	1.6209	0.0543	0.0559		
		
3:00	37.00	0.2251	0.1988	0.1981	0.217	0.2139	0.2902	0.2085	0.2228	0.1931	0.2238	0.2291	0.055		
		0.1799	0.217	0.2101	0.2236	0.1981	0.2161	0.2121	0.2301	0.1771	0.225	0.0535	0.0534		
		0.2159	0.2235	0.2264	0.2413	0.2263	0.2558	0.2603	0.2247	0.194	0.0423	0.0539	0.053		
		0.2305	0.2121	0.1978	0.1852	0.1871	0.2148	0.2251	0.2098	0.184	0.3999	0.0529	0.0558		
		0.1902	0.2255	0.237	0.2715	0.228	0.182	0.2072	0.1852	0.2026	0.727	0.0531	0.0531		
		0.1957	0.2232	0.2077	0.1907	0.2157	0.2008	0.4878	0.239	0.1879	1.1138	0.0575	0.0529		
		0.2222	0.2082	0.2686	0.2184	0.2447	0.2196	0.2516	0.2531	0.199	1.3969	0.0547	0.0523		
		0.25	0.3271	0.2254	0.2125	0.1829	0.2115	0.207	0.1986	0.1726	1.623	0.0541	0.056		
		
4:00	37.00	0.238	0.201	0.2055	0.2285	0.2176	0.3029	0.2102	0.2228	0.1983	0.2312	0.2346	0.055		
		0.185	0.2205	0.2115	0.2347	0.2038	0.1998	0.2134	0.2415	0.1861	0.2314	0.0536	0.0535		
		0.2301	0.2316	0.2381	0.2471	0.229	0.279	0.2636	0.2261	0.1954	0.0422	0.0539	0.053		
		0.2405	0.2196	0.2038	0.1886	0.1907	0.2161	0.2306	0.2137	0.1884	0.3996	0.0529	0.0559		
		0.2231	0.2339	0.2472	0.2825	0.2373	0.1855	0.2115	0.1898	0.2076	0.725	0.0531	0.0531		
		0.2022	0.2274	0.2167	0.1934	0.2259	0.2083	0.5366	0.244	0.1963	1.1041	0.0576	0.053		
		0.231	0.2161	0.2857	0.2257	0.258	0.2243	0.2675	0.2574	0.202	1.395	0.0549	0.0523		
		0.2656	0.3595	0.2349	0.2241	0.1907	0.2254	0.2163	0.2022	0.1813	1.6221	0.0542	0.0561		
		
5:00	37.00	0.2502	0.2043	0.2139	0.2412	0.221	0.3191	0.2146	0.2233	0.201	0.2399	0.24	0.055		
		0.188	0.2249	0.2169	0.2465	0.2095	0.2103	0.2154	0.2532	0.1953	0.2384	0.0536	0.0534		
		0.2463	0.2381	0.2484	0.2545	0.2339	0.3024	0.2687	0.2301	0.1977	0.0423	0.054	0.0529		
		0.252	0.2311	0.2091	0.1933	0.1958	0.2185	0.2357	0.2196	0.1942	0.3989	0.0529	0.0558		
		0.1999	0.2438	0.2604	0.2944	0.2458	0.1889	0.2149	0.1957	0.2112	0.7237	0.0531	0.0531		
		0.2091	0.2328	0.2258	0.195	0.239	0.2162	0.587	0.2506	0.204	1.1059	0.0576	0.0529		
		0.2396	0.2254	0.3043	0.2327	0.2728	0.2289	0.2861	0.2623	0.2045	1.3925	0.055	0.0523		
		0.2825	0.3978	0.2408	0.2363	0.1997	0.2394	0.2243	0.2057	0.1891	1.6183	0.0543	0.056		
		
6:00	37.00	0.2653	0.2068	0.2226	0.2469	0.2251	0.3316	0.2196	0.2254	0.2094	0.2487	0.2462	0.0551		
		0.1941	0.2308	0.2219	0.2584	0.2159	0.2063	0.2172	0.2649	0.2048	0.246	0.0537	0.0536		
		0.2628	0.2475	0.2531	0.2621	0.2386	0.3267	0.2736	0.2337	0.2005	0.0424	0.0539	0.053		
		0.2647	0.2481	0.2162	0.196	0.2012	0.2251	0.2416	0.2252	0.2004	0.3987	0.0529	0.0559		
		0.2088	0.2566	0.2739	0.3077	0.255	0.1932	0.2195	0.2026	0.2168	0.7231	0.0531	0.0531		
		0.2161	0.2381	0.2353	0.1965	0.2523	0.2242	0.6352	0.2578	0.2132	1.0706	0.0576	0.0529		
		0.2521	0.235	0.3242	0.2402	0.2877	0.2352	0.306	0.2663	0.2074	1.3923	0.0549	0.0523		
		0.3003	0.4375	0.2456	0.249	0.2074	0.2553	0.233	0.2103	0.1983	1.6165	0.0543	0.0561		
		
7:00	37.00	0.2784	0.2107	0.2315	0.257	0.2309	0.3456	0.2241	0.2273	0.2138	0.2584	0.2539	0.0551		
		0.1999	0.2359	0.2281	0.2698	0.222	0.2104	0.2211	0.2777	0.2146	0.255	0.0536	0.0534		
		0.2801	0.2561	0.263	0.2705	0.2423	0.351	0.2777	0.2371	0.2027	0.0423	0.0539	0.0529		
		0.2768	0.2438	0.222	0.2042	0.208	0.227	0.2475	0.2315	0.2078	0.3987	0.053	0.056		
		0.2185	0.2672	0.2888	0.3223	0.2652	0.1984	0.2245	0.2095	0.2228	0.7218	0.0531	0.053		
		0.2245	0.2446	0.2451	0.2	0.2667	0.232	0.6823	0.2654	0.2218	1.0749	0.0575	0.053		
		0.2598	0.2455	0.3449	0.2487	0.3028	0.2427	0.3276	0.27	0.2109	1.3891	0.0549	0.0523		
		0.3181	0.4797	0.2546	0.2618	0.2143	0.2706	0.2415	0.2146	0.2071	1.6145	0.0543	0.0561		
		
8:00	37.00	0.2913	0.2145	0.2401	0.2678	0.2379	0.361	0.2286	0.23	0.2185	0.2701	0.2619	0.0549		
		0.2079	0.2421	0.2347	0.2825	0.2286	0.221	0.2218	0.2894	0.224	0.2647	0.0536	0.0535		
		0.2972	0.2649	0.272	0.2791	0.2477	0.3756	0.2853	0.2414	0.2055	0.0424	0.054	0.053		
		0.2908	0.2564	0.2292	0.2063	0.2147	0.228	0.2543	0.2375	0.2142	0.3981	0.053	0.0558		
		0.2189	0.2796	0.2985	0.338	0.2756	0.204	0.2267	0.2159	0.2282	0.7214	0.0531	0.0531		
		0.2332	0.2516	0.254	0.2025	0.2822	0.2411	0.7299	0.273	0.2304	1.0905	0.0574	0.0529		
		0.2703	0.2564	0.3635	0.2569	0.3183	0.25	0.3512	0.2732	0.2142	1.3892	0.0551	0.0523		
		0.335	0.5251	0.2626	0.2733	0.2214	0.2841	0.2503	0.2197	0.2148	1.6137	0.0544	0.0559		
		
9:00	37.00	0.3066	0.2187	0.2487	0.2814	0.245	0.3753	0.2338	0.2325	0.2273	0.2824	0.272	0.055		
		0.2157	0.2475	0.241	0.2942	0.2355	0.2587	0.226	0.3006	0.2333	0.2737	0.0536	0.0534		
		0.316	0.2773	0.2835	0.2879	0.2544	0.4007	0.2909	0.2461	0.2084	0.0425	0.0539	0.053		
		0.3037	0.2722	0.2362	0.2188	0.2218	0.2346	0.2615	0.2447	0.2215	0.3976	0.0529	0.056		
		0.2321	0.293	0.313	0.3557	0.2875	0.2108	0.2318	0.2249	0.2346	0.7201	0.0531	0.0531		
		0.2408	0.2586	0.2639	0.2056	0.2972	0.2496	0.7729	0.2815	0.2399	1.0927	0.0577	0.053		
		0.2833	0.2681	0.3804	0.2674	0.3343	0.2572	0.3768	0.2777	0.219	1.3884	0.0548	0.0522		
		0.3534	0.5728	0.2728	0.287	0.2294	0.2996	0.2585	0.2267	0.2249	1.6095	0.0542	0.0562		
		
10:00	37.00	0.3215	0.2227	0.2583	0.2972	0.2529	0.3928	0.2396	0.2357	0.2323	0.2956	0.2808	0.0551		
		0.2222	0.2547	0.25	0.3064	0.2433	0.2329	0.2345	0.3137	0.2431	0.284	0.0536	0.0535		
		0.3343	0.2858	0.2934	0.2981	0.2585	0.426	0.297	0.2503	0.2121	0.0426	0.0539	0.053		
		0.3168	0.2796	0.2449	0.2204	0.2287	0.2394	0.2688	0.2522	0.229	0.3973	0.0529	0.0559		
		0.2418	0.3088	0.3265	0.3723	0.2995	0.2163	0.2387	0.2328	0.2411	0.7202	0.0531	0.053		
		0.2491	0.2661	0.2732	0.2083	0.3135	0.2588	0.817	0.2898	0.2482	1.0889	0.0576	0.0529		
		0.2917	0.28	0.3976	0.2771	0.3502	0.2656	0.4048	0.2824	0.2215	1.3909	0.055	0.0523		
		0.3715	0.6214	0.2806	0.299	0.2379	0.3156	0.2682	0.2331	0.2336	1.6096	0.0544	0.0561		
		
11:00	37.00	0.3365	0.2281	0.2675	0.3041	0.2616	0.4072	0.245	0.2381	0.2382	0.3093	0.2909	0.055		
		0.2299	0.2622	0.257	0.319	0.2521	0.2352	0.2311	0.3253	0.2531	0.2947	0.0535	0.0535		
		0.353	0.2984	0.3048	0.3085	0.2633	0.4506	0.3051	0.2549	0.2152	0.0424	0.054	0.0531		
		0.331	0.2902	0.2534	0.2308	0.2356	0.2457	0.2783	0.2595	0.2366	0.3968	0.0529	0.0559		
		0.243	0.3244	0.3412	0.3897	0.3136	0.2232	0.244	0.2412	0.2484	0.7204	0.053	0.053		
		0.2582	0.2742	0.2825	0.2116	0.3298	0.2679	0.8592	0.2989	0.2566	1.0876	0.0575	0.053		
		0.3033	0.2917	0.4149	0.2875	0.3656	0.2752	0.4329	0.2875	0.2258	1.3891	0.0549	0.0523		
		0.389	0.6711	0.2923	0.3146	0.2462	0.3303	0.2777	0.2389	0.242	1.6057	0.0544	0.056		
		
12:00	37.00	0.3513	0.234	0.2785	0.3167	0.2703	0.4221	0.2515	0.2408	0.2477	0.3234	0.3014	0.0549		
		0.2371	0.2698	0.2652	0.3316	0.2616	0.2471	0.2419	0.3374	0.2627	0.3039	0.0537	0.0534		
		0.3721	0.3092	0.3184	0.3188	0.2709	0.4765	0.3128	0.2601	0.219	0.0425	0.0539	0.0529		
		0.3442	0.3008	0.2763	0.2329	0.2424	0.2516	0.287	0.2674	0.2447	0.3962	0.0529	0.056		
		0.2692	0.3402	0.3547	0.4078	0.3273	0.2296	0.2518	0.2508	0.2569	0.7207	0.0531	0.0531		
		0.2672	0.2836	0.2926	0.2149	0.3461	0.2793	0.8993	0.3091	0.2665	1.0868	0.0576	0.053		
		0.3171	0.304	0.4357	0.2983	0.381	0.2846	0.4615	0.2942	0.2311	1.387	0.0547	0.0522		
		0.4072	0.7218	0.3016	0.3251	0.2564	0.3463	0.2853	0.2466	0.2495	1.6048	0.0541	0.0561		
		
13:00	37.00	0.3677	0.2402	0.2861	0.3301	0.2793	0.4379	0.2588	0.2438	0.2554	0.3379	0.311	0.0551		
		0.2443	0.2788	0.2727	0.3439	0.2709	0.2491	0.242	0.3487	0.2727	0.3139	0.0536	0.0534		
		0.3908	0.3207	0.3312	0.3282	0.2766	0.5015	0.3205	0.2657	0.2238	0.0425	0.0539	0.053		
		0.3583	0.3117	0.2719	0.2388	0.2495	0.2586	0.2958	0.2763	0.2531	0.3959	0.0529	0.0561		
		0.2587	0.3562	0.3699	0.426	0.3407	0.2373	0.2614	0.2595	0.2656	0.7204	0.0531	0.053		
		0.2759	0.2929	0.3018	0.2189	0.3635	0.2855	0.9344	0.318	0.2746	1.0851	0.0576	0.053		
		0.3241	0.3194	0.4559	0.3092	0.3972	0.2951	0.4912	0.3022	0.2361	1.3877	0.0548	0.0523		
		0.4254	0.7748	0.3129	0.337	0.2637	0.362	0.2932	0.2535	0.2579	1.6043	0.0542	0.0562		
		
14:00	37.00	0.3812	0.2472	0.2949	0.3376	0.2882	0.4546	0.2662	0.2452	0.261	0.352	0.3202	0.0551		
		0.2509	0.2874	0.281	0.3563	0.2807	0.2574	0.2382	0.3614	0.2827	0.3246	0.0536	0.0534		
		0.4095	0.3323	0.3426	0.3397	0.287	0.526	0.3287	0.2723	0.229	0.0425	0.054	0.053		
		0.3716	0.3404	0.2813	0.2465	0.2564	0.2663	0.3058	0.2854	0.2609	0.3958	0.0529	0.056		
		0.279	0.3716	0.3839	0.4428	0.3549	0.2433	0.2684	0.2693	0.2743	0.7201	0.0531	0.0531		
		0.2842	0.3023	0.3123	0.2222	0.3802	0.2994	0.9671	0.3279	0.2827	1.0847	0.0576	0.053		
		0.3362	0.3291	0.477	0.3192	0.4137	0.305	0.5223	0.3097	0.2419	1.3887	0.0549	0.0522		
		0.4431	0.8277	0.324	0.3508	0.2719	0.3778	0.3024	0.2604	0.2669	1.6029	0.0543	0.0561		
		
15:00	37.00	0.3964	0.2534	0.3039	0.3488	0.2977	0.4685	0.2745	0.2478	0.2674	0.3669	0.3299	0.0549		
		0.2595	0.2975	0.2896	0.3689	0.2903	0.2639	0.2451	0.3729	0.2922	0.3351	0.0537	0.0535		
		0.4278	0.3441	0.354	0.3514	0.2937	0.5504	0.3364	0.2785	0.2346	0.0426	0.0539	0.053		
		0.3858	0.3365	0.2901	0.2531	0.2642	0.2731	0.3147	0.2942	0.2683	0.3957	0.0529	0.056		
		0.2749	0.3883	0.3977	0.4599	0.3693	0.2496	0.2756	0.2791	0.2829	0.719	0.0531	0.053		
		0.2926	0.3124	0.3212	0.2281	0.3969	0.3042	0.9993	0.3373	0.2915	1.0846	0.0575	0.0528		
		0.3493	0.3414	0.4975	0.3307	0.433	0.3144	0.553	0.3175	0.2485	1.3869	0.055	0.0523		
		0.46	0.8795	0.3345	0.3625	0.281	0.3938	0.3111	0.2668	0.2746	1.6057	0.0544	0.0561		
		
16:00	37.00	0.4116	0.2612	0.3137	0.3604	0.3077	0.4836	0.2833	0.2521	0.2762	0.3821	0.3402	0.055		
		0.2674	0.307	0.2987	0.3815	0.2996	0.2721	0.2497	0.385	0.3018	0.3445	0.0535	0.0534		
		0.4465	0.3565	0.3649	0.3614	0.3021	0.5739	0.3449	0.2858	0.2408	0.0425	0.0539	0.053		
		0.4	0.353	0.2999	0.2593	0.2702	0.2808	0.3229	0.3033	0.2764	0.3947	0.0529	0.056		
		0.3103	0.4046	0.4123	0.4775	0.3832	0.257	0.2847	0.2889	0.2917	0.7206	0.0531	0.053		
		0.3012	0.3222	0.3318	0.2343	0.4136	0.3136	1.0295	0.3471	0.3005	1.0843	0.0575	0.0529		
		0.3571	0.3546	0.518	0.3409	0.4488	0.3247	0.5846	0.326	0.2548	1.3843	0.0549	0.0523		
		0.4772	0.9311	0.3455	0.3757	0.2883	0.4085	0.3197	0.274	0.283	1.6071	0.0544	0.0561		
		
17:00	37.00	0.4263	0.2681	0.3225	0.3711	0.3167	0.4985	0.2921	0.2571	0.2836	0.3971	0.3499	0.0549		
		0.2751	0.3167	0.3077	0.3944	0.3094	0.2812	0.2549	0.3967	0.3114	0.3554	0.0536	0.0535		
		0.4644	0.3684	0.3782	0.3724	0.312	0.5972	0.3524	0.2919	0.2479	0.0427	0.0539	0.0531		
		0.4125	0.3626	0.3096	0.2663	0.2769	0.2882	0.3324	0.3126	0.285	0.395	0.0529	0.0559		
		0.3255	0.4209	0.4257	0.4973	0.3978	0.2641	0.2925	0.2987	0.3017	0.7194	0.0531	0.0531		
		0.3101	0.3323	0.3408	0.2396	0.4302	0.3227	1.0589	0.3568	0.3097	1.0841	0.0576	0.0529		
		0.3666	0.3667	0.5382	0.3512	0.4615	0.3351	0.6167	0.3344	0.2618	1.3858	0.055	0.0523		
		0.4948	0.982	0.3561	0.3894	0.2983	0.4242	0.3296	0.281	0.2916	1.6053	0.0543	0.0559		
		
18:00	37.00	0.4418	0.2757	0.3313	0.3833	0.3265	0.5153	0.3003	0.2628	0.2907	0.4126	0.3603	0.055		
		0.282	0.3263	0.3165	0.4063	0.3192	0.2874	0.2625	0.4086	0.3208	0.3651	0.0536	0.0535		
		0.484	0.3796	0.3924	0.3836	0.32	0.6208	0.3606	0.2999	0.2537	0.043	0.0539	0.0529		
		0.4262	0.3765	0.319	0.2734	0.2841	0.2956	0.3413	0.3215	0.2923	0.3958	0.0528	0.0559		
		0.3324	0.4383	0.4407	0.514	0.412	0.2704	0.3018	0.3089	0.3107	0.7194	0.0531	0.053		
		0.3187	0.3415	0.3501	0.2455	0.4473	0.3318	1.0877	0.3663	0.3176	1.0828	0.0575	0.0529		
		0.3803	0.3795	0.5581	0.362	0.4779	0.3451	0.6483	0.3436	0.2687	1.3893	0.0549	0.0523		
		0.5118	1.0324	0.3669	0.4019	0.3054	0.4396	0.3379	0.288	0.3005	1.6023	0.0543	0.0561		
		
19:00	37.00	0.4569	0.2836	0.3411	0.3969	0.3371	0.5303	0.3091	0.2685	0.2979	0.4276	0.3699	0.055		
		0.2901	0.3363	0.3251	0.4197	0.3283	0.2949	0.2684	0.4191	0.3311	0.3754	0.0535	0.0534		
		0.5019	0.3921	0.4018	0.3946	0.3296	0.6454	0.3689	0.3062	0.2609	0.0431	0.0539	0.053		
		0.4398	0.3879	0.3444	0.2808	0.2906	0.3039	0.3529	0.3313	0.3005	0.3958	0.053	0.0561		
		0.339	0.4548	0.4544	0.5296	0.4261	0.2775	0.3107	0.3189	0.32	0.718	0.0531	0.0531		
		0.3271	0.3521	0.3595	0.2516	0.4645	0.3424	1.1128	0.3769	0.3267	1.0831	0.0575	0.053		
		0.3902	0.3923	0.579	0.3736	0.4936	0.3541	0.6788	0.3519	0.2757	1.3908	0.0549	0.0524		
		0.5291	1.0802	0.378	0.4145	0.3129	0.4567	0.3466	0.2953	0.3084	1.5971	0.0544	0.0561		
		
20:00	37.00	0.4721	0.2909	0.35	0.4088	0.3464	0.5415	0.3175	0.2749	0.3051	0.4432	0.379	0.0549		
		0.2973	0.3468	0.3345	0.4317	0.3381	0.3066	0.2724	0.4306	0.3405	0.3853	0.0535	0.0533		
		0.519	0.4041	0.4185	0.4068	0.3394	0.6676	0.3766	0.3131	0.267	0.0429	0.0539	0.0529		
		0.4531	0.397	0.3382	0.2875	0.2974	0.312	0.3602	0.3401	0.3088	0.3956	0.0529	0.056		
		0.3417	0.4712	0.4695	0.5454	0.4406	0.284	0.3188	0.3285	0.3293	0.7189	0.0532	0.053		
		0.3365	0.3617	0.3694	0.2578	0.4817	0.353	1.1388	0.3859	0.3344	1.0829	0.0575	0.0529		
		0.4	0.4052	0.5987	0.3843	0.5098	0.3647	0.7113	0.3604	0.283	1.3902	0.055	0.0523		
		0.5459	1.1304	0.3891	0.4277	0.322	0.4724	0.3552	0.3017	0.3183	1.5948	0.0544	0.0561		
		
21:00	37.00	0.4883	0.298	0.3592	0.4185	0.3567	0.5564	0.3271	0.2816	0.3127	0.4585	0.3894	0.0551		
		0.3054	0.3571	0.3433	0.4446	0.3478	0.326	0.2779	0.4424	0.3503	0.3965	0.0537	0.0535		
		0.537	0.4229	0.4292	0.4181	0.3483	0.6903	0.3856	0.3208	0.2731	0.0429	0.0539	0.053		
		0.467	0.4078	0.3482	0.2947	0.3046	0.3218	0.3692	0.3493	0.3165	0.3951	0.053	0.0561		
		0.3362	0.4882	0.4827	0.562	0.4553	0.2918	0.3271	0.3387	0.3396	0.7188	0.0531	0.053		
		0.3456	0.3728	0.3788	0.2641	0.4984	0.3595	1.1594	0.3969	0.3433	1.0798	0.0576	0.053		
		0.4108	0.4185	0.6187	0.3954	0.5287	0.375	0.7424	0.3688	0.2899	1.3891	0.055	0.0523		
		0.5624	1.1736	0.4003	0.4411	0.3303	0.4887	0.3631	0.3093	0.3258	1.5936	0.0544	0.0562		
		
22:00	37.00	0.5046	0.3058	0.3686	0.4303	0.3671	0.5698	0.3361	0.2879	0.3216	0.4742	0.3989	0.0551		
		0.3118	0.3677	0.3518	0.4573	0.3576	0.3193	0.2837	0.4531	0.3598	0.4051	0.0535	0.0534		
		0.5541	0.4278	0.4384	0.4287	0.3569	0.7132	0.3923	0.3278	0.2793	0.0429	0.0539	0.0529		
		0.4809	0.4259	0.3631	0.302	0.3109	0.3255	0.378	0.3581	0.3246	0.3946	0.0529	0.0564		
		0.3442	0.5049	0.4978	0.579	0.47	0.2975	0.3367	0.3482	0.3491	0.7188	0.0531	0.053		
		0.3543	0.382	0.3883	0.2701	0.5147	0.3728	1.1806	0.4066	0.3523	1.0808	0.0576	0.0531		
		0.4256	0.4319	0.6385	0.4066	0.542	0.3866	0.7746	0.378	0.2973	1.3879	0.0549	0.0524		
		0.5799	1.2183	0.4118	0.4544	0.3388	0.5061	0.3723	0.3173	0.3334	1.6015	0.0542	0.0562		
		
23:00	37.00	0.5186	0.3127	0.3781	0.4412	0.3767	0.5857	0.345	0.2934	0.3268	0.4896	0.4088	0.0549		
		0.3198	0.3778	0.3604	0.4692	0.3673	0.3283	0.2928	0.4648	0.3689	0.4166	0.0535	0.0533		
		0.5709	0.4413	0.4579	0.4397	0.3658	0.7353	0.4005	0.3345	0.2856	0.043	0.0539	0.0529		
		0.494	0.4363	0.3687	0.3082	0.3171	0.3344	0.3878	0.3674	0.3328	0.3942	0.053	0.0562		
		0.3394	0.5201	0.5146	0.5952	0.4836	0.3048	0.3462	0.3581	0.3579	0.7202	0.0531	0.053		
		0.3631	0.3918	0.3982	0.2759	0.5308	0.3812	1.2	0.4164	0.361	1.0798	0.0576	0.053		
		0.4329	0.4443	0.6581	0.417	0.5586	0.3968	0.8047	0.3879	0.3031	1.3877	0.0549	0.0523		
		0.5954	1.2565	0.422	0.4678	0.3467	0.5219	0.3812	0.3239	0.342	1.6005	0.0543	0.0563		
		
24:00	37.00	0.5341	0.3209	0.3872	0.453	0.3871	0.5994	0.3549	0.2997	0.3346	0.5033	0.4183	0.0551		
		0.3288	0.388	0.3697	0.4816	0.3776	0.3373	0.2985	0.4766	0.3791	0.4264	0.0536	0.0534		
		0.5887	0.4544	0.4635	0.4514	0.3758	0.7589	0.4075	0.3424	0.2929	0.043	0.0539	0.053		
		0.5084	0.4588	0.3765	0.3161	0.3233	0.3451	0.3974	0.3768	0.3404	0.3942	0.0529	0.0561		
		0.3494	0.5371	0.5262	0.6113	0.4982	0.3113	0.3549	0.3673	0.3678	0.7214	0.0531	0.053		
		0.3729	0.4023	0.4078	0.2822	0.5471	0.3902	1.2197	0.4262	0.3691	1.0798	0.0576	0.053		
		0.4501	0.457	0.6778	0.4273	0.5737	0.4061	0.8353	0.3963	0.311	1.3858	0.055	0.0523		
		0.6125	1.2921	0.4332	0.4818	0.3538	0.5375	0.3903	0.331	0.3508	1.5929	0.0544	0.0561		
		
25:00	37.00	0.5495	0.3294	0.397	0.4718	0.3967	0.6134	0.3658	0.3072	0.3424	0.5185	0.4279	0.0551		
		0.336	0.3988	0.3786	0.4944	0.3877	0.3509	0.3019	0.4872	0.3893	0.4382	0.0536	0.0534		
		0.6049	0.4641	0.4755	0.4621	0.3844	0.7789	0.4167	0.3496	0.3	0.0427	0.0539	0.053		
		0.5225	0.4557	0.3852	0.323	0.3297	0.3524	0.4068	0.3865	0.3487	0.3939	0.0529	0.0562		
		0.3581	0.5529	0.5388	0.6293	0.5134	0.3175	0.3629	0.3765	0.3772	0.7204	0.0531	0.0531		
		0.3836	0.4123	0.4174	0.2878	0.5637	0.3994	1.2369	0.4362	0.3781	1.0797	0.0575	0.053		
		0.4564	0.4702	0.6966	0.4379	0.5914	0.4162	0.8644	0.4061	0.3183	1.3856	0.055	0.0523		
		0.6282	1.3281	0.445	0.4969	0.3623	0.5541	0.3982	0.3379	0.3588	1.6003	0.0544	0.0561		
		
26:00	37.00	0.5656	0.3359	0.4078	0.4765	0.4067	0.6279	0.3729	0.3129	0.352	0.5338	0.4399	0.055		
		0.3446	0.4091	0.3881	0.5074	0.3975	0.3541	0.3101	0.5	0.3996	0.4472	0.0535	0.0534		
		0.6214	0.4753	0.4884	0.4747	0.3938	0.7865	0.4231	0.3566	0.3062	0.0426	0.0539	0.0528		
		0.5353	0.4665	0.3953	0.3301	0.3371	0.3598	0.4159	0.3951	0.3567	0.3938	0.0529	0.0563		
		0.3709	0.5709	0.5519	0.6441	0.5264	0.3245	0.3729	0.3868	0.3878	0.7198	0.0531	0.0531		
		0.3925	0.4222	0.4265	0.294	0.5801	0.4068	1.2547	0.4462	0.3866	1.0792	0.0576	0.053		
		0.4689	0.4824	0.7161	0.4485	0.6093	0.4271	0.8955	0.4156	0.3252	1.3852	0.0549	0.0522		
		0.6447	1.3588	0.4555	0.5091	0.3692	0.5723	0.4062	0.3456	0.3675	1.6015	0.0544	0.0562		
		
27:00	37.00	0.5811	0.3445	0.4182	0.488	0.4175	0.6431	0.3827	0.3191	0.3583	0.5498	0.4478	0.0549		
		0.3515	0.4196	0.3975	0.5207	0.4068	0.361	0.3156	0.509	0.4095	0.4568	0.0535	0.0533		
		0.6389	0.488	0.5007	0.4837	0.4032	0.7941	0.4307	0.3648	0.3121	0.0425	0.0538	0.0529		
		0.5496	0.4848	0.4049	0.3422	0.344	0.3703	0.4251	0.4036	0.3651	0.3938	0.0529	0.0564		
		0.3734	0.5869	0.5665	0.6609	0.5401	0.3314	0.3811	0.3958	0.3965	0.7195	0.0531	0.0529		
		0.4016	0.4324	0.4371	0.3004	0.5961	0.4142	1.271	0.4558	0.3944	1.0787	0.0576	0.0531		
		0.4761	0.4967	0.7351	0.4589	0.6218	0.4376	0.9226	0.4249	0.3323	1.385	0.0549	0.0523		
		0.661	1.3913	0.4681	0.5197	0.3773	0.5886	0.415	0.3533	0.3747	1.6027	0.0544	0.0562		
		
28:00	37.00	0.5966	0.3516	0.4273	0.5002	0.4275	0.6586	0.3922	0.3257	0.3668	0.5633	0.4585	0.0551		
		0.3603	0.4292	0.4066	0.5329	0.4167	0.3705	0.3221	0.5211	0.4198	0.4671	0.0536	0.0535		
		0.6549	0.5002	0.5103	0.4955	0.4124	0.8123	0.4383	0.3712	0.3196	0.0425	0.0539	0.053		
		0.5631	0.4906	0.4146	0.3439	0.3502	0.3786	0.4346	0.413	0.3731	0.3936	0.0529	0.0563		
		0.3792	0.602	0.58	0.674	0.5568	0.338	0.3904	0.4059	0.4074	0.7192	0.0531	0.0531		
		0.4122	0.4422	0.4467	0.3067	0.6125	0.4261	1.2859	0.4666	0.4029	1.0799	0.0576	0.0531		
		0.4911	0.5086	0.7542	0.4697	0.6369	0.4479	0.9512	0.4343	0.3392	1.3835	0.0549	0.0523		
		0.6766	1.4106	0.4783	0.5291	0.3847	0.6	0.4222	0.3596	0.3823	1.6019	0.0543	0.0562		
		
29:00	37.00	0.6115	0.3597	0.4369	0.5117	0.4367	0.6745	0.4012	0.3316	0.3742	0.578	0.4692	0.055		
		0.3686	0.4404	0.4149	0.5465	0.4264	0.3778	0.3273	0.5319	0.4332	0.4785	0.0536	0.0534		
		0.6702	0.51	0.5198	0.505	0.4217	0.826	0.446	0.3782	0.3252	0.0427	0.054	0.0529		
		0.5762	0.5012	0.4236	0.3517	0.357	0.3813	0.4429	0.4221	0.3798	0.394	0.0529	0.0563		
		0.4229	0.619	0.5951	0.6889	0.5671	0.3437	0.3983	0.4143	0.4169	0.719	0.0531	0.053		
		0.4208	0.4516	0.457	0.3117	0.6287	0.4321	1.2992	0.4765	0.4123	1.079	0.0577	0.053		
		0.4976	0.5214	0.7734	0.4799	0.6538	0.4578	0.9779	0.4442	0.347	1.382	0.0549	0.0522		
		0.6919	1.431	0.4962	0.5406	0.3926	0.6108	0.4311	0.3658	0.3906	1.5996	0.0542	0.0561		
		
30:00	37.00	0.6284	0.3679	0.4492	0.5236	0.4464	0.6814	0.4109	0.3383	0.3817	0.5926	0.479	0.0551		
		0.3764	0.4494	0.4251	0.5598	0.4369	0.3867	0.3343	0.5448	0.4479	0.4878	0.0535	0.0534		
		0.6859	0.5222	0.5337	0.517	0.4315	0.8474	0.4527	0.3861	0.3318	0.0428	0.0538	0.053		
		0.5907	0.5139	0.4321	0.3578	0.364	0.3894	0.4538	0.4322	0.389	0.3946	0.0529	0.0563		
		0.3966	0.6352	0.6076	0.7032	0.5811	0.351	0.4078	0.424	0.4281	0.7185	0.053	0.053		
		0.4304	0.4622	0.4663	0.3184	0.6449	0.4414	1.3131	0.4868	0.4219	1.0792	0.0576	0.0531		
		0.5085	0.5346	0.7918	0.49	0.6689	0.4689	1.0064	0.4541	0.3541	1.3817	0.0549	0.0523		
		0.7074	1.4472	0.5003	0.552	0.3993	0.6254	0.4397	0.3728	0.398	1.6005	0.0541	0.0561		
		
31:00	37.00	0.6422	0.3752	0.4608	0.5362	0.4561	0.688	0.4199	0.3448	0.3907	0.6072	0.489	0.055		
		0.3852	0.4592	0.4334	0.572	0.4459	0.3945	0.3397	0.5561	0.4601	0.4988	0.0535	0.0534		
		0.7021	0.5354	0.546	0.5278	0.4407	0.8719	0.46	0.3926	0.3376	0.0427	0.0539	0.053		
		0.6038	0.5264	0.4422	0.3654	0.3709	0.3969	0.4608	0.4402	0.3968	0.3946	0.0529	0.0563		
		0.406	0.6502	0.622	0.7173	0.5954	0.3588	0.417	0.433	0.4382	0.7181	0.0531	0.0529		
		0.4395	0.4719	0.4769	0.325	0.6611	0.4508	1.3258	0.4958	0.4377	1.0796	0.0576	0.0531		
		0.5211	0.5479	0.8103	0.5	0.6843	0.4782	1.0323	0.4628	0.3622	1.3827	0.0549	0.0523		
		0.7235	1.4542	0.5106	0.5622	0.4078	0.64	0.4473	0.3803	0.4061	1.6003	0.0544	0.0562		
		
32:00	37.00	0.6565	0.3841	0.4705	0.55	0.4674	0.7011	0.4299	0.3509	0.3985	0.6224	0.4996	0.0551		
		0.3919	0.4708	0.4433	0.5871	0.4554	0.4023	0.3459	0.5678	0.4667	0.5067	0.0534	0.0534		
		0.7183	0.5478	0.5572	0.5385	0.4504	0.8894	0.4679	0.4006	0.3443	0.0427	0.0538	0.0528		
		0.6176	0.5439	0.4526	0.3737	0.3792	0.4048	0.4701	0.4483	0.4043	0.394	0.0529	0.0564		
		0.4162	0.6663	0.638	0.734	0.6112	0.3666	0.4256	0.4427	0.4463	0.7196	0.0531	0.053		
		0.4477	0.4824	0.4871	0.3321	0.6768	0.4607	1.3392	0.5068	0.4516	1.0794	0.0577	0.0531		
		0.5328	0.5623	0.8279	0.5119	0.7011	0.4904	1.0564	0.4718	0.3682	1.3825	0.0549	0.0524		
		0.7399	1.4633	0.5228	0.5742	0.4149	0.6553	0.455	0.3889	0.4146	1.5999	0.0542	0.0563		
		
33:00	37.00	0.6689	0.3911	0.4759	0.5613	0.4771	0.7148	0.4398	0.3577	0.4085	0.6366	0.5113	0.0549		
		0.4012	0.4795	0.4517	0.6017	0.4661	0.4113	0.3529	0.5799	0.4745	0.5187	0.0535	0.0533		
		0.732	0.5585	0.5689	0.5492	0.46	0.906	0.475	0.4072	0.3509	0.0428	0.0538	0.0529		
		0.6321	0.5618	0.4649	0.3803	0.3868	0.4116	0.4804	0.4578	0.4135	0.3941	0.053	0.0564		
		0.4232	0.6815	0.6511	0.7491	0.625	0.3744	0.4351	0.4516	0.4568	0.72	0.053	0.053		
		0.4603	0.4924	0.4994	0.3375	0.6927	0.4714	1.3512	0.517	0.461	1.0798	0.0577	0.0531		
		0.5456	0.5743	0.8469	0.5219	0.7159	0.4996	1.0813	0.4812	0.3775	1.3819	0.0549	0.0522		
		0.7479	1.4668	0.5332	0.5852	0.4217	0.6694	0.4636	0.395	0.4214	1.5986	0.0544	0.0563		
		
34:00	37.00	0.6898	0.3982	0.4837	0.578	0.487	0.7291	0.449	0.3638	0.4149	0.6512	0.5206	0.0551		
		0.4092	0.4899	0.4606	0.6164	0.4756	0.4203	0.3588	0.5941	0.4828	0.5306	0.0535	0.0535		
		0.7474	0.57	0.5811	0.5596	0.469	0.9222	0.4825	0.4139	0.3575	0.0427	0.0538	0.053		
		0.6471	0.5615	0.487	0.3877	0.3943	0.4211	0.4889	0.4676	0.4208	0.3941	0.0529	0.0561		
		0.4331	0.6981	0.6656	0.763	0.6431	0.384	0.4441	0.4612	0.4668	0.7203	0.0531	0.0531		
		0.4717	0.5025	0.5133	0.3427	0.7077	0.4827	1.3599	0.5276	0.4669	1.0803	0.0576	0.0528		
		0.5539	0.5878	0.8643	0.5316	0.7285	0.5107	1.1046	0.4899	0.3849	1.384	0.055	0.0523		
		0.7558	1.4753	0.5445	0.5974	0.4293	0.6842	0.4718	0.4008	0.4288	1.5973	0.0543	0.056		
		
35:00	37.00	0.6928	0.4058	0.4899	0.5889	0.4969	0.7436	0.4579	0.3692	0.4231	0.666	0.5303	0.055		
		0.4161	0.5011	0.4713	0.6278	0.4874	0.4275	0.363	0.6095	0.4911	0.5368	0.0535	0.0534		
		0.7631	0.5828	0.5921	0.5705	0.4779	0.939	0.4901	0.4209	0.3623	0.0427	0.0539	0.0529		
		0.6605	0.5752	0.4843	0.3938	0.4013	0.4269	0.4981	0.4761	0.4286	0.3943	0.0529	0.0564		
		0.443	0.7117	0.6799	0.7756	0.6506	0.3914	0.454	0.4695	0.4751	0.7192	0.053	0.053		
		0.4775	0.5145	0.5224	0.3482	0.7228	0.4947	1.3719	0.538	0.4733	1.0801	0.0577	0.0531		
		0.5661	0.6009	0.8823	0.5421	0.7392	0.5211	1.1268	0.4992	0.3912	1.3841	0.0549	0.0523		
		0.7676	1.4868	0.5565	0.6068	0.4356	0.6984	0.4798	0.4087	0.4371	1.5969	0.0543	0.0564		
		
36:00	37.00	0.7065	0.4141	0.4989	0.6031	0.5085	0.7533	0.4669	0.3766	0.4319	0.6813	0.5433	0.0551		
		0.427	0.5101	0.4797	0.6384	0.4964	0.4356	0.3734	0.6258	0.4999	0.5498	0.0535	0.0534		
		0.7772	0.5998	0.6018	0.5816	0.4873	0.9555	0.4964	0.4284	0.3702	0.0428	0.0539	0.053		
		0.6746	0.5862	0.4939	0.405	0.4118	0.4354	0.5083	0.4848	0.4387	0.3939	0.0529	0.0564		
		0.4776	0.727	0.6979	0.7909	0.6666	0.3997	0.4642	0.48	0.4866	0.7192	0.0531	0.053		
		0.481	0.5228	0.5321	0.3569	0.7388	0.5024	1.3797	0.5482	0.4818	1.0801	0.0576	0.0531		
		0.5778	0.6147	0.8995	0.5542	0.7482	0.5312	1.1547	0.5098	0.4	1.3857	0.0549	0.0523		
		0.78	1.4893	0.5664	0.6183	0.443	0.7124	0.4891	0.4166	0.4436	1.597	0.0543	0.0563		
		
37:00	37.00	0.7201	0.4232	0.5064	0.6131	0.519	0.7651	0.4764	0.3814	0.4398	0.6953	0.5528	0.0551		
		0.4349	0.5229	0.4897	0.6475	0.5062	0.4476	0.3817	0.6377	0.508	0.5557	0.0534	0.0534		
		0.7916	0.6083	0.6138	0.5925	0.4967	0.9697	0.5038	0.4351	0.3756	0.0426	0.0538	0.053		
		0.6871	0.6128	0.5022	0.4209	0.4188	0.4424	0.5168	0.4926	0.4446	0.394	0.0529	0.0566		
		0.4579	0.7436	0.7114	0.8055	0.6787	0.4069	0.4698	0.4883	0.4952	0.7185	0.0531	0.0529		
		0.4874	0.5346	0.5389	0.3622	0.7535	0.5219	1.3887	0.5571	0.4894	1.0794	0.0577	0.0531		
		0.5939	0.6302	0.9163	0.5668	0.7614	0.5432	1.1748	0.5177	0.406	1.3843	0.0549	0.0523		
		0.7932	1.5009	0.5802	0.6304	0.4521	0.728	0.4963	0.4237	0.452	1.5989	0.0543	0.0562		
		
38:00	37.00	0.7347	0.4294	0.5162	0.6217	0.5283	0.7788	0.4853	0.3882	0.4432	0.7091	0.5632	0.0549		
		0.4458	0.5308	0.4989	0.6585	0.5166	0.4544	0.384	0.646	0.5179	0.5711	0.0534	0.0534		
		0.8065	0.6179	0.6243	0.6035	0.5069	0.9871	0.5117	0.4417	0.3829	0.0426	0.054	0.053		
		0.7023	0.6131	0.5119	0.4175	0.4283	0.4497	0.5288	0.5043	0.4527	0.3943	0.0529	0.0562		
		0.482	0.757	0.7252	0.8176	0.6941	0.4157	0.4782	0.4977	0.5046	0.7179	0.0531	0.053		
		0.4952	0.5449	0.5466	0.3691	0.7704	0.5348	1.4023	0.5715	0.4972	1.0798	0.0575	0.0529		
		0.6088	0.6446	0.9327	0.5765	0.7748	0.5529	1.1959	0.5261	0.4129	1.3843	0.055	0.0522		
		0.8063	1.5021	0.5902	0.6411	0.4581	0.7405	0.5038	0.4301	0.4574	1.598	0.0543	0.0561		
		
39:00	37.00	0.7477	0.4381	0.5234	0.6276	0.5393	0.7878	0.4947	0.3948	0.4531	0.7253	0.5764	0.0549		
		0.4565	0.5418	0.5088	0.6687	0.5261	0.4616	0.3896	0.653	0.5256	0.5811	0.0534	0.0534		
		0.8217	0.6304	0.6371	0.6141	0.5163	1.0019	0.5195	0.4504	0.3893	0.0424	0.0538	0.0529		
		0.7162	0.6313	0.5342	0.4308	0.4359	0.462	0.5388	0.5116	0.4618	0.3947	0.0529	0.0561		
		0.4839	0.7723	0.7329	0.8294	0.7074	0.4246	0.488	0.5066	0.515	0.7175	0.053	0.0531		
		0.5025	0.5554	0.5552	0.3766	0.7887	0.541	1.4067	0.5799	0.5047	1.0808	0.0575	0.0529		
		0.6158	0.6592	0.9487	0.5893	0.7891	0.5631	1.2224	0.5354	0.4226	1.3848	0.055	0.0523		
		0.8193	1.5424	0.6038	0.6504	0.4651	0.7543	0.5099	0.4386	0.465	1.5991	0.0543	0.056		
		
40:00	37.00	0.7608	0.4462	0.5321	0.6391	0.5497	0.8008	0.5044	0.4006	0.463	0.7401	0.5911	0.055		
		0.4679	0.5528	0.5186	0.6797	0.5368	0.4705	0.3978	0.6609	0.5351	0.5915	0.0536	0.0535		
		0.8352	0.65	0.6515	0.625	0.5242	1.0171	0.5264	0.4561	0.396	0.0426	0.0539	0.053		
		0.7273	0.6386	0.5417	0.4413	0.444	0.4643	0.5464	0.5203	0.4698	0.3951	0.053	0.0564		
		0.4978	0.7878	0.7421	0.8458	0.7199	0.4331	0.4971	0.5169	0.5267	0.7175	0.053	0.053		
		0.5104	0.5656	0.5629	0.3823	0.8073	0.5496	1.413	0.5897	0.5142	1.08	0.0576	0.053		
		0.6216	0.6726	0.9647	0.6024	0.8014	0.5742	1.2466	0.546	0.4307	1.3859	0.0549	0.0523		
		0.8317	1.568	0.615	0.6617	0.4721	0.7677	0.5193	0.4475	0.4727	1.6023	0.0543	0.0562		
		
41:00	37.00	0.7744	0.4539	0.5403	0.6526	0.5616	0.8127	0.5145	0.4071	0.4715	0.7559	0.6073	0.0551		
		0.4784	0.5633	0.5288	0.6913	0.5479	0.4791	0.4046	0.6722	0.5439	0.6046	0.0534	0.0533		
		0.8455	0.6566	0.6625	0.6361	0.5343	1.0323	0.534	0.4648	0.4024	0.0427	0.0538	0.0529		
		0.7477	0.6531	0.5431	0.4414	0.4521	0.4733	0.5584	0.5297	0.4796	0.3951	0.0528	0.0563		
		0.5002	0.8033	0.7541	0.8594	0.7331	0.4418	0.507	0.5257	0.5369	0.718	0.0531	0.053		
		0.519	0.5772	0.572	0.3891	0.8186	0.555	1.4231	0.5993	0.5229	1.0799	0.0576	0.053		
		0.6325	0.6912	0.9805	0.6135	0.8154	0.5858	1.2734	0.5542	0.438	1.3877	0.0549	0.0523		
		0.8443	1.5573	0.6271	0.6716	0.479	0.7816	0.5269	0.4573	0.4804	1.6009	0.0542	0.0562		
		
42:00	37.00	0.7866	0.4622	0.5485	0.6558	0.5728	0.8237	0.5247	0.4128	0.4814	0.7716	0.6318	0.0551		
		0.4784	0.5745	0.5383	0.7026	0.5593	0.4898	0.4113	0.6817	0.5524	0.6225	0.0536	0.0535		
		0.8558	0.6691	0.6743	0.6491	0.5439	1.0456	0.5432	0.4716	0.4098	0.0426	0.0538	0.0529		
		0.7643	0.6717	0.5528	0.4505	0.4618	0.4821	0.5698	0.5397	0.4932	0.3947	0.0529	0.0565		
		0.5048	0.8169	0.7659	0.8729	0.7478	0.452	0.5163	0.5363	0.5456	0.7208	0.0531	0.053		
		0.5277	0.5881	0.5803	0.396	0.8219	0.5604	1.4367	0.6114	0.5292	1.0795	0.0576	0.0531		
		0.6399	0.7085	0.9994	0.6273	0.8278	0.5967	1.3193	0.5635	0.4468	1.3865	0.055	0.0523		
		0.8563	1.5424	0.6418	0.6831	0.4864	0.7944	0.535	0.4652	0.4873	1.6008	0.0543	0.0562		
		
43:00	37.00	0.7998	0.4707	0.5567	0.673	0.5856	0.8363	0.534	0.4192	0.4896	0.7876	0.6461	0.0551		
		0.4808	0.5855	0.5486	0.7139	0.5701	0.4969	0.4185	0.691	0.5609	0.6435	0.0535	0.0534		
		0.8682	0.6835	0.6885	0.6599	0.553	1.059	0.5529	0.4777	0.4157	0.0425	0.0539	0.053		
		0.7728	0.6927	0.566	0.4594	0.4732	0.4916	0.5793	0.5488	0.5128	0.3949	0.0529	0.0565		
		0.5103	0.8324	0.7774	0.8873	0.7619	0.4666	0.5263	0.546	0.5564	0.7207	0.053	0.053		
		0.5347	0.6004	0.5891	0.403	0.8255	0.5688	1.4445	0.6228	0.5384	1.0795	0.0577	0.0531		
		0.6515	0.7191	1.0156	0.642	0.8395	0.608	1.361	0.5722	0.4545	1.3846	0.0549	0.0523		
		0.8701	1.5267	0.653	0.6926	0.4933	0.8077	0.5416	0.4743	0.4943	1.5997	0.0544	0.0562		
		
44:00	37.00	0.8111	0.4795	0.5648	0.6739	0.5984	0.847	0.5443	0.4256	0.4993	0.8046	0.6527	0.0552		
		0.4892	0.5966	0.5585	0.7246	0.5822	0.5079	0.4249	0.7008	0.5693	0.6526	0.0535	0.0534		
		0.8809	0.6952	0.6994	0.6721	0.5638	1.0726	0.5619	0.4859	0.4224	0.0426	0.0539	0.0529		
		0.7806	0.6977	0.578	0.4681	0.4862	0.4995	0.5907	0.5588	0.5265	0.3944	0.0529	0.0565		
		0.5469	0.8474	0.788	0.9028	0.7764	0.4781	0.536	0.5574	0.5662	0.7211	0.0531	0.053		
		0.5427	0.6133	0.5996	0.4108	0.8373	0.5792	1.4553	0.6357	0.5474	1.0796	0.0576	0.0531		
		0.6608	0.7279	1.0298	0.6542	0.853	0.6182	1.3823	0.5803	0.4615	1.3887	0.0549	0.0524		
		0.8804	1.5188	0.6717	0.7033	0.5005	0.8207	0.5489	0.4841	0.5017	1.5997	0.0542	0.0562		
		
45:00	37.00	0.8224	0.4872	0.5736	0.6843	0.6123	0.856	0.5543	0.4314	0.5153	0.8273	0.6568	0.0551		
		0.4957	0.6086	0.5695	0.7352	0.5961	0.534	0.4327	0.7127	0.5779	0.6594	0.0535	0.0534		
		0.892	0.7088	0.7134	0.6836	0.577	1.0856	0.5717	0.4939	0.431	0.0426	0.0539	0.0529		
		0.7877	0.7043	0.5948	0.4789	0.4953	0.5093	0.609	0.5693	0.5296	0.3944	0.053	0.0565		
		0.5258	0.8612	0.8012	0.9181	0.7914	0.4856	0.5479	0.5688	0.5788	0.7206	0.0531	0.053		
		0.5498	0.6249	0.6071	0.4178	0.8531	0.5851	1.4855	0.6478	0.5529	1.0802	0.0576	0.0531		
		0.6915	0.7366	1.0453	0.662	0.866	0.63	1.3886	0.5903	0.4679	1.3885	0.055	0.0523		
		0.8924	1.5161	0.691	0.7123	0.5073	0.8328	0.5556	0.502	0.5081	1.6005	0.0542	0.0562		
		
46:00	37.00	0.8357	0.4962	0.582	0.6942	0.6324	0.8676	0.5653	0.438	0.5302	0.847	0.6599	0.055		
		0.5029	0.621	0.5797	0.7467	0.6127	0.5256	0.4389	0.7184	0.5876	0.6661	0.0535	0.0533		
		0.904	0.7278	0.7259	0.6947	0.585	1.0984	0.5828	0.5028	0.441	0.0427	0.0539	0.0529		
		0.7963	0.7141	0.606	0.4926	0.5016	0.5165	0.6318	0.5795	0.5321	0.3945	0.0529	0.0565		
		0.5358	0.8772	0.8113	0.9343	0.8093	0.492	0.5596	0.5805	0.5877	0.7204	0.0531	0.053		
		0.5577	0.636	0.6153	0.4257	0.8685	0.5932	1.5299	0.6597	0.5604	1.0794	0.0576	0.0531		
		0.682	0.747	1.0592	0.6664	0.8779	0.6464	1.3952	0.5994	0.4759	1.3888	0.0549	0.0524		
		0.9044	1.514	0.7001	0.7249	0.5137	0.8459	0.5646	0.5213	0.5152	1.5993	0.0543	0.0562		
		
47:00	37.00	0.8465	0.5058	0.5906	0.7129	0.6484	0.8795	0.5752	0.4451	0.5337	0.86	0.666	0.055		
		0.5101	0.6323	0.5913	0.757	0.6243	0.5465	0.446	0.7305	0.5951	0.6725	0.0536	0.0534		
		0.9158	0.738	0.7457	0.7071	0.5969	1.1113	0.5931	0.511	0.451	0.0427	0.0539	0.0528		
		0.8051	0.7187	0.6157	0.4996	0.504	0.5298	0.642	0.5906	0.5384	0.3945	0.053	0.0565		
		0.5411	0.8918	0.824	0.9462	0.8226	0.4959	0.577	0.5966	0.5992	0.7205	0.0531	0.053		
		0.5661	0.648	0.6238	0.4355	0.8837	0.6013	1.5654	0.6728	0.5721	1.0803	0.0577	0.0531		
		0.69	0.7579	1.0745	0.6727	0.889	0.666	1.4031	0.6091	0.4843	1.3877	0.055	0.0523		
		0.914	1.5149	0.7038	0.7344	0.5212	0.8579	0.5704	0.528	0.5223	1.6	0.0543	0.0562		
		
48:00	37.00	0.8584	0.5163	0.5987	0.7137	0.6546	0.8903	0.5869	0.4518	0.5357	0.8688	0.6734	0.0551		
		0.5183	0.6437	0.6053	0.7674	0.6301	0.5548	0.4536	0.739	0.6029	0.6803	0.0535	0.0534		
		0.9274	0.7509	0.7636	0.7225	0.6065	1.1242	0.6059	0.5203	0.4594	0.0426	0.0537	0.0529		
		0.8159	0.7265	0.6196	0.5143	0.5086	0.5477	0.648	0.603	0.5453	0.3957	0.0529	0.0565		
		0.549	0.9084	0.8357	0.9653	0.8293	0.4996	0.601	0.6164	0.6126	0.7198	0.053	0.053		
		0.5726	0.6613	0.6331	0.4435	0.8972	0.6122	1.5694	0.6889	0.5764	1.0796	0.0576	0.0531		
		0.7068	0.7694	1.0878	0.6795	0.9009	0.6754	1.415	0.6201	0.4927	1.3896	0.055	0.0522		
		0.9255	1.5153	0.7113	0.7424	0.5267	0.8708	0.5782	0.5311	0.529	1.5979	0.0543	0.0563		
		
49:00	37.00	0.8705	0.5239	0.6053	0.7339	0.6576	0.8994	0.5994	0.4593	0.5398	0.8759	0.6821	0.0551		
		0.5239	0.6556	0.6206	0.7781	0.6332	0.568	0.4622	0.7485	0.6115	0.6894	0.0536	0.0534		
		0.9387	0.7581	0.7727	0.7362	0.6167	1.1371	0.6247	0.5286	0.4685	0.0426	0.0539	0.0529		
		0.8274	0.7362	0.6283	0.5253	0.5133	0.5576	0.6525	0.6209	0.5524	0.3958	0.0529	0.0565		
		0.556	0.9131	0.8475	0.9834	0.8326	0.5048	0.6125	0.6274	0.6227	0.7205	0.0531	0.053		
		0.5801	0.6794	0.6409	0.4515	0.9107	0.6184	1.5524	0.7128	0.5846	1.08	0.0576	0.0531		
		0.7079	0.7813	1.1022	0.6885	0.9125	0.6823	1.43	0.6301	0.5012	1.3878	0.055	0.0523		
		0.938	1.5149	0.7182	0.7536	0.5338	0.8825	0.5859	0.5351	0.536	1.6005	0.0543	0.0563		
		
50:00	37.00	0.8831	0.5326	0.6138	0.7326	0.6608	0.9102	0.6112	0.4662	0.5443	0.8839	0.6915	0.055		
		0.5309	0.6701	0.6308	0.7887	0.6372	0.5737	0.4705	0.7588	0.6194	0.6975	0.0535	0.0534		
		0.9491	0.7659	0.7834	0.7443	0.6297	1.1491	0.6381	0.5393	0.4781	0.0426	0.0539	0.0528		
		0.8381	0.7503	0.6336	0.5349	0.5199	0.5596	0.658	0.6339	0.5579	0.3957	0.0529	0.0567		
		0.5641	0.9283	0.857	1.002	0.8414	0.5104	0.618	0.6333	0.6365	0.7198	0.0531	0.0529		
		0.5872	0.6945	0.6478	0.4616	0.9246	0.6258	1.5355	0.7298	0.5945	1.0799	0.0577	0.0533		
		0.7221	0.7935	1.1153	0.6985	0.9241	0.6857	1.4436	0.642	0.5148	1.3886	0.0549	0.0524		
		0.948	1.515	0.7255	0.7611	0.5405	0.8957	0.593	0.5406	0.5428	1.5989	0.0543	0.0564		
		
51:00	37.00	0.8937	0.5422	0.621	0.7538	0.6675	0.9197	0.629	0.4759	0.5494	0.8941	0.7008	0.0552		
		0.5378	0.6867	0.6374	0.8001	0.643	0.5772	0.4792	0.7667	0.6275	0.7072	0.0535	0.0534		
		0.9604	0.7729	0.7851	0.7498	0.6448	1.1602	0.6481	0.5581	0.4875	0.0426	0.0539	0.0529		
		0.8487	0.7554	0.6421	0.5416	0.526	0.5719	0.6659	0.6403	0.5662	0.3955	0.0529	0.0567		
		0.5738	0.9352	0.8671	1.0062	0.8546	0.5174	0.6215	0.6392	0.656	0.7192	0.0531	0.053		
		0.5952	0.7021	0.6564	0.4793	0.9379	0.6333	1.5266	0.7387	0.5993	1.0806	0.0577	0.0532		
		0.7353	0.8049	1.1294	0.7079	0.9363	0.6877	1.4562	0.6533	0.5346	1.3884	0.0549	0.0525		
		0.9585	1.5157	0.7356	0.7706	0.549	0.9064	0.6007	0.5451	0.5491	1.6009	0.0543	0.0563		
		
52:00	37.00	0.9046	0.5553	0.6277	0.7516	0.6748	0.9291	0.6473	0.4853	0.5571	0.9057	0.7091	0.055		
		0.5444	0.6966	0.6414	0.8101	0.6507	0.5819	0.4904	0.7783	0.6357	0.715	0.0535	0.0533		
		0.9701	0.7815	0.7955	0.7563	0.6623	1.1726	0.6521	0.5747	0.4995	0.0428	0.0539	0.0528		
		0.8612	0.765	0.6507	0.5405	0.5325	0.565	0.6739	0.6453	0.5735	0.3954	0.0529	0.0567		
		0.578	0.9461	0.879	1.0175	0.8646	0.5246	0.6264	0.6442	0.6755	0.7206	0.0531	0.0529		
		0.602	0.7056	0.6652	0.4935	0.9519	0.6407	1.5234	0.7435	0.6073	1.0796	0.0578	0.0533		
		0.7346	0.816	1.1417	0.7171	0.9467	0.6937	1.47	0.6698	0.5472	1.3891	0.0548	0.0524		
		0.9682	1.5151	0.7457	0.7804	0.5549	0.9182	0.6079	0.5511	0.5557	1.5985	0.0543	0.0564		
		
53:00	37.00	0.9158	0.5684	0.6366	0.772	0.6821	0.9403	0.6541	0.4944	0.5635	0.9174	0.7193	0.0551		
		0.5509	0.7011	0.647	0.8197	0.6597	0.587	0.4953	0.7868	0.6438	0.7246	0.0536	0.0534		
		0.9811	0.7907	0.7984	0.7637	0.6731	1.1825	0.6566	0.5857	0.5181	0.0429	0.0539	0.053		
		0.8715	0.7761	0.6586	0.5462	0.5389	0.5725	0.681	0.65	0.5806	0.3955	0.0529	0.0566		
		0.585	0.9579	0.8897	1.0258	0.877	0.5315	0.6339	0.651	0.6845	0.7198	0.053	0.053		
		0.6094	0.7097	0.6723	0.5046	0.965	0.6493	1.5223	0.7497	0.6179	1.0803	0.0577	0.0531		
		0.7438	0.8259	1.1565	0.7252	0.9568	0.7021	1.4814	0.6897	0.553	1.3883	0.0549	0.0524		
		0.9794	1.5142	0.7553	0.789	0.5611	0.9287	0.6148	0.5587	0.5622	1.5982	0.0542	0.0562		
		
54:00	37.00	0.928	0.5745	0.6439	0.7702	0.691	0.9488	0.6573	0.5055	0.5697	0.9288	0.7275	0.0551		
		0.558	0.705	0.654	0.8299	0.669	0.5936	0.5029	0.7931	0.6514	0.7334	0.0536	0.0534		
		0.9907	0.8012	0.8077	0.7712	0.6787	1.1921	0.6619	0.5871	0.5327	0.0427	0.0539	0.0529		
		0.8825	0.7864	0.6678	0.5497	0.5456	0.5818	0.6896	0.6555	0.5884	0.3954	0.0529	0.0567		
		0.5916	0.9694	0.9002	1.0333	0.8894	0.5382	0.6412	0.6581	0.6887	0.719	0.0531	0.053		
		0.6166	0.716	0.6797	0.5081	0.9781	0.6552	1.5225	0.7578	0.6221	1.0793	0.0577	0.0532		
		0.7531	0.8379	1.1672	0.7356	0.9672	0.7109	1.4928	0.7025	0.5532	1.386	0.0549	0.0525		
		0.9877	1.517	0.7641	0.7985	0.5668	0.9405	0.6214	0.5659	0.5694	1.5975	0.0544	0.0563		
		
55:00	37.00	0.9375	0.5764	0.6517	0.7928	0.6996	0.9578	0.6612	0.5133	0.5778	0.942	0.737	0.055		
		0.5645	0.7124	0.6622	0.841	0.6778	0.6001	0.5199	0.8052	0.6591	0.7422	0.0535	0.0533		
		1.0004	0.8106	0.819	0.7802	0.6838	1.2032	0.6683	0.5908	0.5427	0.0427	0.0538	0.0528		
		0.8914	0.7978	0.6766	0.5577	0.5507	0.5849	0.6987	0.6636	0.5954	0.3951	0.0528	0.0567		
		0.6007	0.9824	0.9111	1.0472	0.8994	0.5443	0.6504	0.6654	0.6938	0.7188	0.053	0.0529		
		0.6246	0.7239	0.6879	0.5092	0.9904	0.6628	1.5226	0.7656	0.63	1.0792	0.0577	0.0532		
		0.7613	0.8486	1.1831	0.7435	0.9788	0.7192	1.5023	0.7072	0.5545	1.3872	0.0549	0.0523		
		0.9978	1.5154	0.7733	0.8077	0.5735	0.9521	0.6287	0.5725	0.5762	1.5963	0.0542	0.0563		
		
56:00	37.00	0.949	0.5824	0.658	0.7869	0.7078	0.9676	0.6698	0.5236	0.584	0.9524	0.7467	0.0552		
		0.5701	0.7209	0.6701	0.8497	0.686	0.609	0.5369	0.8124	0.6672	0.7503	0.0535	0.0534		
		1.0097	0.8208	0.8284	0.7893	0.6891	1.2132	0.676	0.5927	0.5435	0.0427	0.0538	0.0528		
		0.9023	0.8089	0.6844	0.5626	0.5579	0.5907	0.7077	0.6709	0.6026	0.3954	0.0529	0.0568		
		0.6064	0.9944	0.92	1.0577	0.9149	0.5509	0.6584	0.6736	0.6984	0.7194	0.0532	0.053		
		0.6306	0.7335	0.696	0.5124	1.0036	0.6716	1.5219	0.7743	0.638	1.0797	0.0578	0.0532		
		0.7692	0.8594	1.1939	0.7532	0.9893	0.7291	1.5099	0.7097	0.5594	1.3895	0.0549	0.0524		
		1.0079	1.5154	0.7833	0.8162	0.5803	0.9634	0.6358	0.5794	0.5822	1.6003	0.0542	0.0563		
		
57:00	37.00	0.96	0.5902	0.6656	0.8124	0.7171	0.9791	0.6761	0.5396	0.5898	0.9633	0.7538	0.055		
		0.5773	0.729	0.679	0.8593	0.6939	0.6167	0.5506	0.8226	0.6747	0.7579	0.0534	0.0533		
		1.0191	0.8317	0.8385	0.7985	0.6969	1.2244	0.6831	0.6024	0.5436	0.0426	0.0539	0.0528		
		0.912	0.815	0.6947	0.5695	0.5636	0.5999	0.7156	0.6791	0.6093	0.3953	0.0529	0.0567		
		0.6135	1.005	0.9299	1.0702	0.9227	0.5569	0.6664	0.6805	0.7043	0.7193	0.0531	0.0529		
		0.6379	0.7432	0.7034	0.5172	1.0163	0.6789	1.5291	0.7839	0.643	1.0803	0.0577	0.0532		
		0.7804	0.869	1.2056	0.7634	0.9999	0.7377	1.518	0.7125	0.5638	1.3898	0.0549	0.0525		
		1.0171	1.5154	0.7908	0.8254	0.5859	0.9744	0.642	0.5847	0.5881	1.6006	0.0542	0.0562		
		
58:00	37.00	0.9698	0.5986	0.6743	0.8049	0.7242	0.9872	0.6839	0.5627	0.5972	0.9745	0.7622	0.0552		
		0.5837	0.7384	0.6871	0.8688	0.7025	0.6239	0.556	0.8315	0.6816	0.7682	0.0536	0.0534		
		1.0284	0.8402	0.8476	0.8063	0.7039	1.2332	0.69	0.6076	0.5468	0.0427	0.0539	0.0528		
		0.9217	0.8229	0.7013	0.576	0.57	0.6059	0.7235	0.6863	0.6163	0.3951	0.0529	0.0567		
		0.623	1.0163	0.9392	1.0843	0.9337	0.5639	0.6745	0.6897	0.7113	0.7187	0.0532	0.0529		
		0.6453	0.7524	0.7111	0.5217	1.0285	0.6856	1.5321	0.7946	0.6522	1.0802	0.0577	0.0532		
		0.7917	0.8798	1.2171	0.7708	1.0085	0.7466	1.5239	0.7179	0.5702	1.3883	0.0549	0.0524		
		1.0258	1.5141	0.7997	0.8333	0.5924	0.9848	0.6483	0.5924	0.5946	1.5974	0.0543	0.0564		
		
59:00	37.00	0.9795	0.6052	0.6801	0.814	0.7345	0.9958	0.6921	0.5698	0.604	0.9862	0.7705	0.055		
		0.5894	0.749	0.6968	0.8794	0.7108	0.6476	0.5568	0.842	0.689	0.7762	0.0535	0.0533		
		1.0367	0.8495	0.8576	0.8167	0.7119	1.2426	0.6968	0.6125	0.5515	0.0427	0.0539	0.053		
		0.9313	0.835	0.7429	0.5831	0.5765	0.609	0.7313	0.6939	0.6236	0.3956	0.0529	0.0565		
		0.6274	1.0268	0.9496	1.0953	0.9448	0.5689	0.6821	0.6973	0.7207	0.7192	0.0531	0.053		
		0.6516	0.761	0.7187	0.5277	1.0404	0.6937	1.5343	0.8038	0.6589	1.0791	0.0576	0.053		
		0.7949	0.8897	1.2292	0.78	1.0196	0.755	1.5285	0.7247	0.5772	1.3883	0.0549	0.0523		
		1.0343	1.5122	0.8085	0.8422	0.5973	0.9944	0.6551	0.5987	0.6012	1.5965	0.0542	0.0562		
		
1:00:00	37.00	0.99	0.6121	0.6873	0.8226	0.7427	1.0043	0.6993	0.5692	0.6103	0.9955	0.7785	0.0551		
		0.5966	0.7573	0.7035	0.8882	0.7188	0.6379	0.5578	0.8479	0.6973	0.784	0.0535	0.0533		
		1.0459	0.859	0.8691	0.8254	0.7195	1.2523	0.7033	0.6202	0.5577	0.0425	0.0538	0.0528		
		0.9419	0.8409	0.7173	0.5981	0.5826	0.6192	0.7393	0.7013	0.6301	0.3951	0.0529	0.0568		
		0.6338	1.0382	0.9578	1.1038	0.9551	0.5753	0.6904	0.705	0.7268	0.7187	0.0531	0.0529		
		0.6583	0.7689	0.7258	0.5343	1.0509	0.7004	1.5343	0.8138	0.6642	1.0829	0.0577	0.0532		
		0.8051	0.9007	1.2392	0.7882	1.0328	0.7641	1.5328	0.7329	0.5846	1.3895	0.0549	0.0524		
		1.0439	1.5121	0.8174	0.851	0.6032	1.0057	0.6625	0.6044	0.6073	1.5996	0.0543	0.0563		
		
Time(hh:mm:ss)	Temperature(°C)	1	2	3	4	5	6	7	8	9	10	11	12		
		13.790555	7.794132	8.777931	10.957276	9.73513	12.79247	8.96184	6.366263	7.686994	14.196806	10.028117	0.00039	
		7.656864	10.08111	8.961898	11.924278	9.497203	8.157393	6.075198	11.055896	9.315295	10.117113	-0.003571	0	
		14.998422	11.700719	11.561047	10.697347	8.993295	17.870148	8.071174	7.242613	6.542575	0.004622	0	0	
		12.859355	11.509819	9.560964	7.515336	7.224486	7.612206	9.440514	9.027025	8.124091	NoFit	0	0.015896	
		7.899663	14.873998	13.030624	15.028942	13.322729	7.354716	8.947826	9.525067	9.717838	0.1	NoFit	NoFit	
		8.344956	9.952205	9.29519	6.207975	15.013173	9.049217	18.286293	10.284421	8.551142	NoFit	0.00289	0.00759	
		10.507668	12.669439	17.632729	10.307895	14.140175	9.977784	24.692866	8.774781	7.183074	NoFit	0	-0.000699	
		14.236346	21.758144	10.893688	11.431962	7.499022	14.266705	8.084188	7.500412	7.71972	0.6	0	0.005093	
