Time(hh:mm:ss)	Temperature(°C)	1	2	3	4	5	6	7	8	9	10	11	12		
0:00	37.00	0.3342	0.2567	0.3515	0.3311	0.3142	0.3165	0.3233	0.3264	0.3544	0.3342				
		0.3102	0.3137	0.3398	0.3267	0.3367	0.2935	0.318	0.3488	0.3672	0.328				
		0.3247	0.3157	0.3589	0.3418	0.3377	0.2871	0.3393	0.306	0.3569	0.0427				
		0.3249	0.3006	0.3539	0.3279	0.319	0.2995	0.3152	0.3324	0.3872	0.4043				
		0.3241	0.3508	0.3301	0.3712	0.3383	0.327	0.3083	0.3219	0.3726	0.7509				
		0.3169	0.365	0.3346	0.3223	0.3378	0.3373	0.3573	0.3523	0.3717	1.0731				
		0.3219	0.3754	0.3758	0.3523	0.3278	0.3329	0.3439	0.3314	0.3881	1.379				
		0.3075	0.3524	0.3703	0.3278	0.3349	0.3076	0.3204	0.2975	0.3382	1.6253				
		
1:00	37.00	0.3417	0.257	0.3552	0.3325	0.3121	0.3178	0.3263	0.3227	0.3775	0.3325				
		0.3175	0.3155	0.3401	0.325	0.335	0.2953	0.3242	0.351	0.3663	0.3349				
		0.3253	0.3184	0.3539	0.3459	0.335	0.2778	0.3319	0.3088	0.3655	0.0427				
		0.3196	0.3007	0.3489	0.3299	0.316	0.2999	0.3135	0.3296	0.3799	0.4044				
		0.3216	0.349	0.3268	0.3725	0.3312	0.3276	0.3114	0.3045	0.3736	0.7518				
		0.3115	0.3694	0.3336	0.3283	0.3374	0.3386	0.3588	0.3587	0.3738	1.0739				
		0.3241	0.3695	0.3788	0.3549	0.3322	0.3366	0.3501	0.3333	0.39	1.3795				
		0.3121	0.3512	0.3681	0.3327	0.3352	0.3158	0.3202	0.2997	0.358	1.6267				
		
2:00	36.90	0.3412	0.2627	0.3528	0.3335	0.3128	0.3103	0.325	0.3237	0.5147	0.332				
		0.3214	0.3174	0.3384	0.3247	0.336	0.2956	0.3247	0.3497	0.3665	0.3334				
		0.3249	0.3266	0.3511	0.3423	0.3365	0.2776	0.3348	0.3116	0.3637	0.0428				
		0.3198	0.304	0.3468	0.3242	0.3145	0.3007	0.3109	0.3273	0.393	0.4016				
		0.3228	0.349	0.3286	0.3716	0.3309	0.3283	0.3085	0.3021	0.372	0.7474				
		0.3246	0.3684	0.3313	0.3229	0.3355	0.336	0.3569	0.3544	0.3697	1.0739				
		0.323	0.3625	0.3848	0.3524	0.3286	0.3347	0.3501	0.3305	0.3868	1.3816				
		0.3145	0.3504	0.367	0.3336	0.3332	0.3194	0.3339	0.2958	0.3669	1.6295				
		
3:00	37.00	0.3416	0.2707	0.3498	0.3317	0.3089	0.319	0.3265	0.3223	0.3498	0.3357				
		0.3176	0.3165	0.3376	0.3264	0.3356	0.2933	0.3216	0.3474	0.363	0.3344				
		0.3256	0.3235	0.3509	0.3427	0.3373	0.2892	0.3352	0.3126	0.3646	0.0428				
		0.329	0.2963	0.3462	0.3251	0.3133	0.2983	0.3085	0.3248	0.3862	0.4029				
		0.3191	0.3532	0.3271	0.3703	0.3304	0.3294	0.3175	0.3018	0.3698	0.7494				
		0.3083	0.3675	0.3297	0.3199	0.3353	0.3359	0.3533	0.3567	0.3682	1.0749				
		0.3254	0.3677	0.3893	0.3498	0.3278	0.3306	0.3439	0.3335	0.3875	1.3834				
		0.3141	0.3509	0.3665	0.3359	0.3322	0.3197	0.3212	0.2909	0.3521	1.631				
		
4:00	37.00	0.3414	0.2734	0.3506	0.3302	0.3131	0.325	0.3277	0.3227	0.3742	0.3325				
		0.3231	0.3216	0.3366	0.333	0.3341	0.2902	0.3264	0.346	0.3595	0.3325				
		0.3226	0.3166	0.3493	0.341	0.3343	0.2932	0.3333	0.3125	0.355	0.0428				
		0.331	0.2957	0.3463	0.3239	0.3132	0.2975	0.3093	0.3219	0.3782	0.4029				
		0.3197	0.3592	0.3288	0.369	0.3305	0.3259	0.3103	0.3027	0.368	0.7497				
		0.3124	0.3647	0.3289	0.3215	0.3327	0.3369	0.3544	0.3536	0.3763	1.0745				
		0.3255	0.3644	0.3807	0.3523	0.3261	0.3274	0.3557	0.3346	0.383	1.384				
		0.3123	0.3484	0.3638	0.34	0.3306	0.3133	0.3202	0.2931	0.3515	1.6326				
		
5:00	37.00	0.3426	0.2716	0.3467	0.3295	0.3084	0.3104	0.3281	0.3238	0.3619	0.3319				
		0.3156	0.3128	0.3358	0.327	0.3326	0.289	0.3203	0.3459	0.3601	0.3346				
		0.322	0.3186	0.3456	0.3408	0.3332	0.2904	0.3303	0.3149	0.3549	0.0427				
		0.3235	0.2961	0.3464	0.3214	0.3112	0.2979	0.3126	0.3201	0.3889	0.4028				
		0.3187	0.3537	0.3282	0.3663	0.3298	0.3286	0.3052	0.2999	0.3663	0.7496				
		0.308	0.364	0.3285	0.3211	0.3313	0.3381	0.3513	0.352	0.3764	1.0744				
		0.3243	0.3601	0.3777	0.3513	0.3273	0.3267	0.3472	0.3301	0.384	1.3832				
		0.3122	0.3465	0.3615	0.3331	0.3317	0.308	0.3174	0.2982	0.348	1.6334				
		
6:00	37.00	0.3407	0.2701	0.3475	0.3331	0.3121	0.3136	0.3226	0.3225	0.4322	0.3338				
		0.3076	0.3121	0.3365	0.3215	0.3324	0.2879	0.3239	0.3429	0.3589	0.3317				
		0.3193	0.3207	0.3433	0.3396	0.3308	0.2821	0.3327	0.3119	0.3556	0.043				
		0.3268	0.298	0.3467	0.3239	0.3074	0.2959	0.311	0.3197	0.3766	0.4025				
		0.3179	0.3488	0.3288	0.3662	0.3312	0.3279	0.3079	0.2984	0.3648	0.7493				
		0.3057	0.3635	0.3278	0.3164	0.3296	0.3376	0.3531	0.3499	0.3669	1.0735				
		0.3221	0.3665	0.3783	0.3538	0.3267	0.3298	0.3463	0.3335	0.3806	1.3818				
		0.3128	0.3407	0.3587	0.3302	0.3306	0.3092	0.3152	0.2972	0.3505	1.6326				
		
7:00	37.00	0.3392	0.2743	0.3419	0.3254	0.3064	0.3093	0.3235	0.3285	0.4037	0.3325				
		0.3075	0.3103	0.3351	0.326	0.3323	0.2867	0.3215	0.3421	0.3533	0.3293				
		0.3157	0.3267	0.346	0.338	0.3279	0.288	0.3282	0.314	0.3544	0.0429				
		0.3206	0.2989	0.3424	0.3214	0.3066	0.2961	0.3121	0.3198	0.3712	0.4023				
		0.3168	0.3477	0.3264	0.3651	0.3323	0.3234	0.3076	0.2987	0.3594	0.7486				
		0.3052	0.3623	0.3259	0.3225	0.3289	0.3331	0.3498	0.3513	0.3672	1.0731				
		0.3243	0.3563	0.3738	0.3498	0.3231	0.324	0.3436	0.3294	0.3785	1.3815				
		0.3104	0.3366	0.357	0.3327	0.3275	0.312	0.313	0.294	0.3467	1.6321				
		
8:00	37.00	0.3396	0.269	0.3439	0.3273	0.3113	0.3116	0.3227	0.3134	0.3571	0.3326				
		0.3069	0.3083	0.3363	0.3239	0.3301	0.2849	0.3202	0.344	0.352	0.3285				
		0.3122	0.315	0.3436	0.3368	0.3259	0.2905	0.3263	0.3115	0.3547	0.0429				
		0.3197	0.2992	0.3428	0.3181	0.3068	0.2959	0.3119	0.3202	0.3789	0.402				
		0.3164	0.3451	0.3237	0.3639	0.3302	0.3187	0.3078	0.2982	0.3643	0.7491				
		0.3055	0.3589	0.3275	0.318	0.3287	0.3356	0.3483	0.348	0.3706	1.0727				
		0.3225	0.3615	0.3743	0.3494	0.3267	0.3163	0.3387	0.3305	0.3766	1.3821				
		0.3122	0.3369	0.3559	0.3318	0.3278	0.3117	0.3156	0.2957	0.3452	1.6308				
		
9:00	37.00	0.3361	0.2766	0.3409	0.3267	0.3074	0.3156	0.3214	0.3188	0.3431	0.3299				
		0.3067	0.3101	0.3349	0.3235	0.3306	0.2848	0.3173	0.3381	0.3513	0.3319				
		0.3141	0.3181	0.3423	0.3341	0.3241	0.285	0.3312	0.3091	0.3532	0.0429				
		0.3191	0.2926	0.3409	0.3154	0.306	0.2928	0.3116	0.3209	0.3637	0.4017				
		0.3136	0.3424	0.3233	0.3623	0.3314	0.321	0.3033	0.2959	0.359	0.7481				
		0.305	0.3581	0.3255	0.3182	0.3275	0.3342	0.348	0.3465	0.3699	1.0716				
		0.322	0.3508	0.374	0.3473	0.3233	0.3183	0.3386	0.3287	0.3721	1.3807				
		0.3122	0.3386	0.3531	0.3304	0.3241	0.3021	0.3153	0.2953	0.3453	1.63				
		
10:00	37.00	0.3462	0.2831	0.3408	0.325	0.3067	0.3066	0.3194	0.3139	0.5879	0.3303				
		0.3081	0.307	0.3352	0.3244	0.3292	0.2912	0.3134	0.3379	0.3509	0.3275				
		0.3124	0.3211	0.3453	0.3309	0.3225	0.2731	0.323	0.3098	0.3492	0.0428				
		0.3206	0.2943	0.3422	0.3169	0.3044	0.2953	0.3092	0.3213	0.3764	0.4012				
		0.3121	0.3439	0.3222	0.3591	0.3295	0.3228	0.3032	0.2927	0.3585	0.7473				
		0.3001	0.3587	0.3228	0.3097	0.327	0.3344	0.3464	0.3451	0.3666	1.0707				
		0.3257	0.3469	0.3712	0.3467	0.3217	0.3199	0.3349	0.3289	0.3692	1.3799				
		0.3133	0.3408	0.3512	0.3314	0.324	0.3042	0.3156	0.2923	0.3401	1.6289				
		
11:00	37.00	0.3352	0.2649	0.3363	0.3255	0.31	0.3113	0.3222	0.3136	0.4153	0.3276				
		0.3148	0.3135	0.3338	0.3223	0.3297	0.282	0.3152	0.3445	0.3461	0.3255				
		0.3125	0.3217	0.338	0.3322	0.3219	0.2777	0.3216	0.3096	0.3485	0.0431				
		0.3191	0.3015	0.3445	0.3185	0.3047	0.2971	0.3114	0.3208	0.3635	0.401				
		0.3089	0.3435	0.3196	0.358	0.3297	0.3183	0.3002	0.2972	0.3521	0.7461				
		0.3041	0.3559	0.3197	0.3104	0.3262	0.3305	0.346	0.3471	0.3637	1.0698				
		0.3218	0.3485	0.3665	0.3425	0.3189	0.3222	0.3339	0.3262	0.3696	1.3785				
		0.3125	0.3407	0.3498	0.3305	0.3243	0.3063	0.3121	0.2908	0.3444	1.6267				
		
12:00	37.00	0.332	0.2641	0.3366	0.3236	0.3106	0.3176	0.3202	0.3128	0.352	0.3261				
		0.3078	0.3007	0.3356	0.3173	0.3291	0.2878	0.313	0.3429	0.3445	0.3241				
		0.3129	0.3228	0.3395	0.3325	0.3229	0.2898	0.3204	0.3096	0.3389	0.0433				
		0.3212	0.2952	0.3409	0.3147	0.3066	0.2961	0.3196	0.3198	0.369	0.4007				
		0.3107	0.3458	0.3172	0.356	0.3289	0.3163	0.3041	0.2997	0.3513	0.7457				
		0.3021	0.3578	0.3197	0.3138	0.3255	0.3301	0.3439	0.3454	0.3641	1.0689				
		0.3196	0.3469	0.3649	0.3466	0.3189	0.3226	0.3434	0.3269	0.369	1.3778				
		0.3104	0.342	0.3486	0.3268	0.3232	0.3072	0.3125	0.2889	0.346	1.6268				
		
13:00	37.00	0.3347	0.2636	0.3349	0.3253	0.3068	0.3071	0.3169	0.3154	0.3499	0.326				
		0.3137	0.3047	0.3329	0.3194	0.3268	0.2822	0.311	0.3416	0.3484	0.3245				
		0.3121	0.3174	0.3397	0.3277	0.3265	0.2801	0.3205	0.3091	0.341	0.0432				
		0.3149	0.291	0.3402	0.3114	0.3033	0.2951	0.3047	0.3182	0.364	0.4009				
		0.3081	0.3458	0.3156	0.3552	0.3274	0.3132	0.2964	0.2929	0.3534	0.7455				
		0.3037	0.3571	0.3191	0.313	0.3255	0.3287	0.3446	0.3448	0.3634	1.0681				
		0.3197	0.349	0.3622	0.3439	0.3199	0.3229	0.3297	0.3244	0.3685	1.3774				
		0.3078	0.344	0.3469	0.3228	0.3201	0.3078	0.3098	0.2876	0.3437	1.6264				
		
14:00	37.00	0.3331	0.2595	0.3359	0.3284	0.3085	0.3141	0.3175	0.3135	0.3393	0.3281				
		0.3048	0.3068	0.3324	0.3193	0.3271	0.2826	0.3134	0.3406	0.3449	0.3276				
		0.3119	0.319	0.3388	0.3271	0.3263	0.2902	0.3188	0.3102	0.3369	0.0431				
		0.3248	0.2995	0.3374	0.3111	0.3032	0.2951	0.3056	0.3152	0.3616	0.4002				
		0.3086	0.3507	0.3276	0.3549	0.3265	0.3144	0.2994	0.2936	0.3563	0.7453				
		0.3039	0.3552	0.3192	0.3099	0.3245	0.3297	0.3395	0.3444	0.3664	1.0675				
		0.3148	0.3525	0.3607	0.3463	0.3194	0.3265	0.33	0.3391	0.3639	1.3763				
		0.3094	0.3432	0.3467	0.3254	0.3201	0.3032	0.3132	0.2857	0.3465	1.6259				
		
15:00	37.00	0.3302	0.2644	0.332	0.3224	0.31	0.3107	0.316	0.3125	0.3449	0.3274				
		0.304	0.3055	0.3342	0.322	0.329	0.2826	0.3177	0.3394	0.3404	0.3266				
		0.3104	0.3199	0.3379	0.3279	0.3253	0.2798	0.3218	0.3064	0.3429	0.0433				
		0.3231	0.2942	0.3375	0.3127	0.2978	0.2956	0.3039	0.3129	0.36	0.3998				
		0.3056	0.3483	0.3276	0.3535	0.3261	0.3181	0.2972	0.2923	0.3463	0.7442				
		0.3016	0.3557	0.3203	0.3037	0.3224	0.326	0.3424	0.3457	0.3618	1.0667				
		0.3156	0.3453	0.3546	0.346	0.3211	0.3219	0.3292	0.3297	0.3612	1.3758				
		0.3092	0.3438	0.3408	0.3216	0.3202	0.3037	0.3208	0.2864	0.3384	1.6245				
		
16:00	37.00	0.3408	0.26	0.3317	0.321	0.305	0.3096	0.3181	0.3155	0.4601	0.3277				
		0.3106	0.3069	0.3329	0.316	0.3281	0.2834	0.3064	0.3368	0.3355	0.3237				
		0.3121	0.3163	0.3414	0.3255	0.3235	0.2864	0.3165	0.3126	0.3376	0.0434				
		0.3234	0.2947	0.3341	0.3133	0.2986	0.2973	0.3029	0.3104	0.3613	0.3994				
		0.3048	0.3495	0.3235	0.3535	0.3245	0.3153	0.294	0.2942	0.3456	0.7433				
		0.2984	0.3627	0.3184	0.3074	0.3246	0.3238	0.3372	0.3395	0.3599	1.0655				
		0.3112	0.3493	0.3575	0.3437	0.3184	0.3248	0.3319	0.3231	0.3608	1.3742				
		0.3092	0.3461	0.3411	0.319	0.3176	0.3112	0.3196	0.2884	0.3279	1.6236				
		
17:00	37.00	0.3301	0.2543	0.3312	0.3187	0.3032	0.3089	0.3149	0.3127	0.342	0.3277				
		0.3017	0.2992	0.3345	0.3184	0.3281	0.2833	0.3085	0.3324	0.3388	0.3252				
		0.3095	0.3174	0.3346	0.3257	0.3239	0.279	0.32	0.3052	0.3353	0.0431				
		0.3192	0.2949	0.336	0.3155	0.3037	0.2961	0.2983	0.3101	0.3568	0.399				
		0.3051	0.3391	0.3258	0.3574	0.3287	0.3141	0.2894	0.293	0.3469	0.7429				
		0.2974	0.3555	0.3156	0.3069	0.3223	0.3208	0.3478	0.3442	0.3588	1.0647				
		0.3138	0.3478	0.3602	0.3426	0.314	0.3158	0.3289	0.327	0.361	1.3732				
		0.3089	0.3441	0.3474	0.3196	0.3169	0.3087	0.3183	0.2868	0.3327	1.6236				
		
18:00	37.00	0.3281	0.2791	0.33	0.3187	0.3054	0.3155	0.3119	0.3099	0.3345	0.3277				
		0.2976	0.3007	0.33	0.3174	0.3283	0.2831	0.3106	0.336	0.3349	0.3207				
		0.3084	0.3184	0.3325	0.3264	0.3209	0.2872	0.32	0.3045	0.3346	0.0431				
		0.3176	0.2903	0.3357	0.3103	0.2966	0.2971	0.2993	0.3098	0.3567	0.3987				
		0.3006	0.3447	0.3217	0.3565	0.3283	0.3112	0.2884	0.2976	0.3469	0.7425				
		0.2994	0.3548	0.3152	0.306	0.321	0.3217	0.3353	0.3354	0.3573	1.0632				
		0.3107	0.3426	0.3584	0.3454	0.3146	0.3157	0.3308	0.317	0.3596	1.3701				
		0.3071	0.3484	0.3464	0.325	0.3177	0.3068	0.3076	0.2901	0.3319	1.6216				
		
19:00	37.00	0.3354	0.2696	0.3305	0.319	0.3006	0.3099	0.3112	0.3128	0.3368	0.3254				
		0.2987	0.3084	0.3292	0.3198	0.3271	0.285	0.3065	0.3346	0.3348	0.319				
		0.31	0.3151	0.3346	0.3248	0.3214	0.2717	0.3187	0.3019	0.3307	0.043				
		0.3182	0.291	0.3351	0.3096	0.2955	0.2943	0.3	0.309	0.3546	0.3985				
		0.3009	0.3443	0.325	0.354	0.3283	0.3108	0.2938	0.2894	0.3408	0.7411				
		0.2998	0.3578	0.314	0.302	0.3205	0.3225	0.3378	0.3353	0.3544	1.0623				
		0.3095	0.3393	0.359	0.3414	0.3135	0.3204	0.331	0.3222	0.3608	1.3689				
		0.3074	0.3524	0.3483	0.3149	0.3147	0.3051	0.3123	0.2855	0.3464	1.6199				
		
20:00	37.00	0.3271	0.2625	0.3261	0.3214	0.3059	0.3102	0.3114	0.3112	0.3285	0.3255				
		0.2987	0.3048	0.3282	0.3195	0.3278	0.2836	0.3047	0.3347	0.3302	0.321				
		0.3099	0.3182	0.3301	0.3232	0.322	0.269	0.3194	0.3022	0.3246	0.0433				
		0.3114	0.2966	0.3345	0.3066	0.2988	0.2928	0.2988	0.307	0.3597	0.3977				
		0.3026	0.3375	0.3246	0.354	0.3294	0.3113	0.2927	0.2977	0.3382	0.7392				
		0.2916	0.3555	0.3121	0.3027	0.3191	0.3221	0.3425	0.3487	0.3517	1.0619				
		0.3077	0.343	0.3642	0.3435	0.3122	0.3174	0.3298	0.3209	0.3544	1.368				
		0.3079	0.3536	0.3457	0.3251	0.3173	0.3103	0.3115	0.2899	0.3208	1.6183				
		
21:00	37.00	0.3211	0.2807	0.329	0.3106	0.3063	0.3112	0.3096	0.3172	0.3282	0.326				
		0.3027	0.3042	0.3271	0.3213	0.3248	0.2838	0.307	0.3347	0.3197	0.3216				
		0.3078	0.3184	0.326	0.321	0.3224	0.2785	0.3205	0.2984	0.3256	0.0434				
		0.314	0.2993	0.3384	0.311	0.2969	0.2885	0.297	0.3067	0.3562	0.3973				
		0.302	0.3378	0.3227	0.3518	0.3252	0.3085	0.2913	0.2916	0.3371	0.7388				
		0.2912	0.3513	0.312	0.3059	0.3186	0.326	0.3438	0.3434	0.3552	1.0607				
		0.3048	0.3425	0.357	0.3363	0.313	0.3131	0.3303	0.3165	0.3529	1.3692				
		0.3062	0.3501	0.3434	0.3224	0.3139	0.3063	0.3058	0.2915	0.3189	1.6188				
		
22:00	37.00	0.3244	0.2694	0.3248	0.3148	0.2979	0.3048	0.3097	0.3129	0.3307	0.3221				
		0.2997	0.3018	0.3285	0.3178	0.3242	0.2879	0.3062	0.3346	0.3147	0.3236				
		0.3052	0.3156	0.3304	0.3217	0.3233	0.2736	0.3194	0.3005	0.3271	0.0434				
		0.3223	0.2822	0.3353	0.3069	0.2927	0.2879	0.2945	0.3088	0.3535	0.397				
		0.2998	0.3337	0.3228	0.3499	0.3272	0.3115	0.2927	0.2924	0.3345	0.7382				
		0.2927	0.3613	0.3104	0.307	0.3164	0.3254	0.3405	0.3327	0.3535	1.0594				
		0.3074	0.3392	0.3569	0.3374	0.3122	0.3136	0.3327	0.3186	0.3514	1.3682				
		0.3062	0.3449	0.3458	0.3232	0.3131	0.3058	0.3037	0.2807	0.3149	1.618				
		
23:00	37.00	0.3203	0.2738	0.3236	0.3169	0.3005	0.3019	0.3068	0.3126	0.3281	0.322				
		0.2961	0.3075	0.3282	0.3211	0.324	0.282	0.3046	0.3327	0.3267	0.3223				
		0.3071	0.316	0.3301	0.3168	0.318	0.2749	0.3175	0.2996	0.3181	0.0432				
		0.3125	0.2866	0.3388	0.3036	0.2998	0.2855	0.295	0.3052	0.3414	0.3971				
		0.3011	0.3329	0.3234	0.3504	0.3286	0.3086	0.2899	0.2871	0.327	0.7375				
		0.29	0.357	0.309	0.3033	0.3182	0.3221	0.3417	0.3418	0.3477	1.0604				
		0.3081	0.3368	0.3534	0.337	0.3116	0.3126	0.332	0.3223	0.3522	1.3683				
		0.3056	0.3427	0.3406	0.3174	0.3116	0.3111	0.3007	0.2895	0.3131	1.6178				
		
24:00	37.00	0.3215	0.2781	0.3275	0.316	0.3018	0.3014	0.3092	0.3116	0.3185	0.3205				
		0.3009	0.3037	0.3271	0.3249	0.3272	0.2865	0.3064	0.3303	0.3307	0.323				
		0.3044	0.3168	0.3298	0.3168	0.3154	0.2885	0.32	0.2999	0.3129	0.0432				
		0.3069	0.287	0.3346	0.302	0.2963	0.2857	0.3036	0.307	0.3466	0.3972				
		0.295	0.3383	0.3208	0.3507	0.3279	0.3025	0.2924	0.291	0.3241	0.7389				
		0.2926	0.3598	0.3091	0.3066	0.3173	0.3231	0.3425	0.3441	0.3513	1.0592				
		0.3029	0.3423	0.3562	0.3342	0.3112	0.3161	0.3267	0.3192	0.3513	1.3664				
		0.3027	0.3408	0.3428	0.3151	0.3094	0.3029	0.3065	0.2863	0.308	1.6169				
		
25:00	37.00	0.319	0.2729	0.321	0.3136	0.2999	0.3062	0.3066	0.3119	0.3179	0.32				
		0.2969	0.3013	0.3257	0.3229	0.3261	0.2815	0.3007	0.3328	0.3337	0.3197				
		0.302	0.3147	0.3242	0.3173	0.3135	0.278	0.3205	0.3083	0.3088	0.0433				
		0.3064	0.2882	0.3346	0.3089	0.3006	0.2848	0.2993	0.3036	0.3439	0.3965				
		0.2992	0.3351	0.3222	0.35	0.328	0.3096	0.2922	0.2905	0.3133	0.7393				
		0.2847	0.357	0.3068	0.3089	0.3172	0.3223	0.3411	0.335	0.3459	1.0591				
		0.2998	0.3308	0.3533	0.3368	0.311	0.3118	0.3268	0.3203	0.3481	1.3664				
		0.3024	0.3368	0.3415	0.322	0.3104	0.3147	0.3063	0.2877	0.3053	1.6158				
		
26:00	37.00	0.3178	0.2641	0.3184	0.3061	0.2977	0.3015	0.308	0.3097	0.3049	0.32				
		0.2902	0.3	0.3233	0.326	0.3242	0.2851	0.306	0.3311	0.3294	0.3172				
		0.2999	0.3153	0.3296	0.3127	0.3118	0.282	0.3189	0.3097	0.3158	0.0434				
		0.3154	0.2902	0.3419	0.304	0.3014	0.2854	0.2961	0.3136	0.3405	0.3963				
		0.2977	0.3312	0.3189	0.349	0.3272	0.3004	0.289	0.2941	0.3079	0.7387				
		0.2889	0.3562	0.3053	0.3049	0.3144	0.3233	0.3422	0.3408	0.3466	1.0591				
		0.2982	0.3316	0.352	0.3285	0.3116	0.32	0.3231	0.3144	0.3494	1.3662				
		0.2992	0.333	0.3427	0.3176	0.3064	0.3079	0.3072	0.2854	0.2984	1.6162				
		
27:00	37.00	0.3181	0.2659	0.3188	0.3122	0.2999	0.3053	0.3056	0.3088	0.3053	0.318				
		0.296	0.299	0.3209	0.3234	0.322	0.2866	0.3016	0.328	0.3283	0.3165				
		0.2994	0.3153	0.328	0.315	0.3104	0.2667	0.3179	0.3084	0.3296	0.0433				
		0.3144	0.2885	0.3392	0.3025	0.2952	0.287	0.2977	0.3045	0.3421	0.3958				
		0.2966	0.3261	0.323	0.3507	0.3263	0.308	0.2947	0.2934	0.3054	0.7383				
		0.2872	0.3475	0.3061	0.3101	0.3172	0.3177	0.3448	0.335	0.3401	1.0576				
		0.2939	0.3287	0.3537	0.336	0.3063	0.3081	0.3229	0.321	0.3472	1.3653				
		0.3001	0.3361	0.3395	0.3211	0.3072	0.304	0.3027	0.2864	0.2867	1.6155				
		
28:00	37.00	0.3174	0.2637	0.3164	0.3077	0.3019	0.3001	0.3066	0.3079	0.305	0.3163				
		0.3025	0.3094	0.3221	0.3247	0.3194	0.2822	0.3034	0.3245	0.3271	0.3198				
		0.2972	0.3143	0.3245	0.3121	0.3087	0.2826	0.3137	0.2967	0.3223	0.0433				
		0.3118	0.2906	0.3418	0.2988	0.2918	0.2883	0.2995	0.3115	0.3348	0.3958				
		0.2958	0.3297	0.3195	0.3476	0.3242	0.3044	0.2893	0.2891	0.3199	0.7382				
		0.2818	0.3435	0.3012	0.3062	0.316	0.3179	0.3443	0.336	0.3379	1.0581				
		0.2974	0.3295	0.348	0.3339	0.3069	0.3079	0.3224	0.3116	0.3453	1.3666				
		0.3016	0.3342	0.3411	0.3194	0.3085	0.3027	0.2995	0.2873	0.2802	1.6155				
		
29:00	37.00	0.3236	0.2665	0.317	0.3069	0.3005	0.3024	0.306	0.3052	0.3172	0.3168				
		0.2927	0.3063	0.3201	0.322	0.3197	0.286	0.3041	0.3326	0.3275	0.3161				
		0.2987	0.3158	0.3247	0.3155	0.3122	0.2852	0.3157	0.3019	0.317	0.0432				
		0.3078	0.2873	0.3376	0.2982	0.2889	0.2871	0.3002	0.3081	0.3363	0.3965				
		0.2929	0.3252	0.3228	0.347	0.3229	0.3079	0.2897	0.2904	0.3278	0.7381				
		0.2887	0.3388	0.3021	0.3067	0.3149	0.318	0.3442	0.3335	0.3269	1.0583				
		0.2919	0.3313	0.3452	0.3293	0.3069	0.3066	0.3227	0.3111	0.3407	1.3647				
		0.2986	0.3351	0.3372	0.3088	0.308	0.3063	0.3058	0.2814	0.2791	1.6148				
		
30:00	37.00	0.3138	0.271	0.3146	0.3032	0.2917	0.2994	0.3051	0.3036	0.3424	0.3118				
		0.2836	0.2953	0.3189	0.3195	0.3186	0.2865	0.3078	0.3316	0.3251	0.3164				
		0.2989	0.3222	0.3185	0.3104	0.3091	0.2796	0.3134	0.3029	0.3197	0.0436				
		0.3103	0.289	0.339	0.297	0.292	0.2896	0.2926	0.2926	0.3387	0.3962				
		0.2909	0.3299	0.3163	0.3481	0.32	0.3059	0.2885	0.2911	0.3333	0.7381				
		0.2834	0.3384	0.3002	0.3032	0.3135	0.3144	0.3406	0.3263	0.3072	1.0564				
		0.295	0.3296	0.3452	0.3299	0.3069	0.3057	0.3234	0.3143	0.3388	1.3647				
		0.3009	0.3326	0.3338	0.3082	0.3056	0.2978	0.3027	0.2802	0.2923	1.6146				
		
31:00	37.00	0.3147	0.2479	0.3084	0.3045	0.2877	0.2992	0.303	0.3044	0.338	0.3091				
		0.2896	0.3151	0.3211	0.317	0.3142	0.2804	0.3012	0.3289	0.3229	0.3163				
		0.297	0.3197	0.3151	0.3135	0.3077	0.2866	0.3094	0.3021	0.3305	0.0436				
		0.3118	0.2906	0.3358	0.3001	0.2978	0.2903	0.296	0.2905	0.341	0.3965				
		0.2917	0.3229	0.3175	0.3469	0.3153	0.3043	0.2839	0.2893	0.3289	0.738				
		0.272	0.3355	0.3013	0.3069	0.314	0.3107	0.3449	0.3275	0.2891	1.0564				
		0.2915	0.3273	0.3437	0.3273	0.3037	0.3025	0.3223	0.3109	0.3362	1.3643				
		0.2976	0.3305	0.3397	0.305	0.3015	0.3022	0.3067	0.2794	0.3196	1.613				
		
32:00	37.00	0.3165	0.2594	0.3101	0.2991	0.2891	0.3024	0.3014	0.2952	0.3343	0.3083				
		0.3077	0.304	0.316	0.314	0.3124	0.2812	0.3012	0.3234	0.3203	0.3151				
		0.2963	0.3171	0.3158	0.3047	0.3068	0.2685	0.309	0.2993	0.3203	0.0434				
		0.3171	0.2919	0.3339	0.2973	0.2904	0.3056	0.2939	0.2905	0.3339	0.3963				
		0.2833	0.3189	0.32	0.3477	0.3199	0.3062	0.2824	0.2841	0.3287	0.7378				
		0.2813	0.341	0.2995	0.3037	0.3094	0.3132	0.342	0.322	0.3035	1.0578				
		0.2928	0.3263	0.3431	0.3272	0.3058	0.3049	0.3221	0.3049	0.3341	1.3647				
		0.299	0.3295	0.3377	0.3045	0.3005	0.2954	0.3048	0.2773	0.3198	1.6134				
		
33:00	37.00	0.3191	0.2647	0.3155	0.296	0.2883	0.2976	0.2989	0.3004	0.321	0.2979				
		0.2804	0.3018	0.3147	0.3157	0.3113	0.2789	0.2933	0.3231	0.3191	0.3132				
		0.3043	0.3198	0.3128	0.309	0.3025	0.2728	0.3067	0.3013	0.3232	0.0433				
		0.3127	0.2792	0.3296	0.2957	0.2932	0.3031	0.2957	0.3002	0.3346	0.3961				
		0.2886	0.3132	0.3112	0.3485	0.3077	0.3033	0.2817	0.2882	0.3264	0.7375				
		0.2782	0.3347	0.2947	0.3056	0.3118	0.318	0.3349	0.3285	0.333	1.0564				
		0.2818	0.3286	0.3446	0.3195	0.3019	0.3006	0.3194	0.305	0.3362	1.3621				
		0.2938	0.3315	0.3347	0.3009	0.301	0.2992	0.2994	0.2757	0.3136	1.6126				
		
34:00	37.00	0.3193	0.2574	0.3115	0.2956	0.2806	0.297	0.2953	0.2888	0.322	0.2945				
		0.2864	0.3027	0.3119	0.3139	0.3105	0.2809	0.3006	0.3191	0.3259	0.3128				
		0.302	0.3299	0.3088	0.3087	0.3034	0.2778	0.3088	0.3052	0.3276	0.0432				
		0.3147	0.2791	0.3279	0.291	0.288	0.2891	0.293	0.2866	0.3351	0.3963				
		0.2842	0.3177	0.3148	0.343	0.3106	0.2995	0.2765	0.2802	0.319	0.737				
		0.2797	0.3373	0.2935	0.3044	0.3104	0.3137	0.3388	0.3288	0.3331	1.0573				
		0.2823	0.3308	0.3396	0.3175	0.2982	0.3065	0.3221	0.2946	0.3371	1.3607				
		0.2931	0.3374	0.3329	0.303	0.2961	0.2849	0.305	0.2724	0.3114	1.6115				
		
35:00	37.00	0.3147	0.2654	0.3118	0.2945	0.2712	0.2963	0.2915	0.2952	0.3135	0.2839				
		0.2849	0.2974	0.3153	0.3131	0.3096	0.2777	0.2976	0.3145	0.3147	0.3106				
		0.2964	0.3118	0.3136	0.3061	0.2997	0.2676	0.3064	0.3094	0.3188	0.043				
		0.3126	0.2862	0.3264	0.2898	0.2851	0.2965	0.2896	0.2916	0.3305	0.396				
		0.2774	0.3016	0.3122	0.3358	0.3099	0.2978	0.2776	0.2817	0.3203	0.7376				
		0.2799	0.3347	0.2893	0.2998	0.3083	0.3084	0.3375	0.3265	0.324	1.0568				
		0.2822	0.3287	0.333	0.3126	0.3002	0.297	0.3172	0.3021	0.3321	1.3624				
		0.2892	0.3448	0.3309	0.301	0.2907	0.2844	0.304	0.2714	0.3114	1.6119				
		
36:00	37.00	0.3136	0.2644	0.3103	0.2954	0.2741	0.2934	0.2942	0.288	0.3227	0.2833				
		0.2809	0.3015	0.3104	0.3109	0.3088	0.2749	0.297	0.3167	0.3084	0.3069				
		0.2997	0.3198	0.3107	0.3067	0.2981	0.2847	0.3016	0.3004	0.3174	0.0434				
		0.3119	0.287	0.3244	0.2868	0.2842	0.2896	0.284	0.2954	0.3348	0.3961				
		0.2791	0.311	0.312	0.3256	0.3068	0.2908	0.2772	0.274	0.3205	0.7371				
		0.2806	0.3326	0.2883	0.2973	0.3071	0.3099	0.3368	0.3281	0.3315	1.0562				
		0.2874	0.3276	0.3337	0.3086	0.2885	0.2828	0.3167	0.2962	0.3326	1.3595				
		0.2892	0.3417	0.3287	0.297	0.2823	0.2732	0.2981	0.2661	0.3053	1.6102				
		
37:00	37.00	0.3121	0.2454	0.3062	0.2929	0.2713	0.2856	0.2906	0.2884	0.3168	0.2916				
		0.2901	0.3026	0.31	0.3098	0.3101	0.2703	0.2936	0.3193	0.3107	0.3017				
		0.2934	0.312	0.3055	0.3044	0.3009	0.2895	0.3035	0.3011	0.3174	0.0433				
		0.3031	0.272	0.3188	0.2867	0.2839	0.2965	0.2855	0.2877	0.3267	0.3959				
		0.2798	0.3216	0.3092	0.3303	0.3088	0.2949	0.2769	0.2742	0.3216	0.7369				
		0.2801	0.3353	0.2844	0.2991	0.3047	0.3022	0.3335	0.3257	0.3254	1.0561				
		0.2923	0.313	0.3299	0.3115	0.2905	0.2896	0.3146	0.2922	0.3313	1.3619				
		0.2942	0.3369	0.3237	0.2829	0.2801	0.2749	0.2821	0.264	0.3061	1.6118				
		
38:00	37.00	0.3104	0.2578	0.3101	0.2944	0.2751	0.2828	0.288	0.2828	0.3193	0.3122				
		0.2925	0.3	0.3073	0.3113	0.3046	0.2754	0.2967	0.3166	0.3146	0.2903				
		0.2907	0.3117	0.3058	0.3047	0.297	0.2787	0.3007	0.295	0.3127	0.0434				
		0.2996	0.2708	0.3155	0.2853	0.2786	0.2856	0.278	0.2913	0.333	0.3958				
		0.2779	0.329	0.3109	0.3385	0.3015	0.2915	0.2805	0.2755	0.3178	0.7357				
		0.2712	0.3302	0.2854	0.2963	0.3029	0.3033	0.3255	0.323	0.3244	1.0567				
		0.2977	0.3164	0.3313	0.3081	0.2831	0.2931	0.3072	0.288	0.3307	1.3621				
		0.2971	0.3334	0.3191	0.2746	0.2987	0.2745	0.281	0.262	0.3063	1.6116				
		
39:00	37.00	0.309	0.2593	0.3077	0.2859	0.2747	0.2807	0.2834	0.2886	0.3205	0.3123				
		0.2908	0.2978	0.3041	0.3088	0.3044	0.2743	0.2931	0.3155	0.3128	0.2831				
		0.285	0.3114	0.2985	0.3052	0.2967	0.275	0.3043	0.2982	0.3071	0.0431				
		0.3027	0.2678	0.3171	0.2771	0.2731	0.2922	0.2768	0.2859	0.3272	0.3955				
		0.2753	0.3213	0.3023	0.3447	0.2986	0.29	0.2786	0.2736	0.3187	0.7348				
		0.2663	0.3312	0.2807	0.2882	0.3023	0.3059	0.3235	0.322	0.3252	1.0569				
		0.285	0.317	0.3296	0.311	0.2818	0.2839	0.306	0.2851	0.3265	1.3597				
		0.3044	0.3347	0.3038	0.2931	0.3022	0.2778	0.2703	0.2587	0.3081	1.6102				
		
40:00	37.00	0.3148	0.2662	0.3178	0.2808	0.2739	0.2722	0.2834	0.2753	0.3233	0.3179				
		0.2736	0.286	0.3003	0.3039	0.3043	0.2747	0.2924	0.3018	0.3059	0.2748				
		0.2828	0.3061	0.2955	0.2968	0.2931	0.2613	0.2987	0.2953	0.3134	0.0433				
		0.3088	0.2781	0.3123	0.279	0.275	0.285	0.2754	0.279	0.3233	0.396				
		0.2751	0.327	0.3059	0.3452	0.2925	0.2929	0.27	0.2734	0.3114	0.7352				
		0.2706	0.326	0.2814	0.286	0.3008	0.3086	0.3208	0.3251	0.3246	1.0568				
		0.2959	0.3107	0.3147	0.3089	0.2696	0.2798	0.3002	0.2852	0.326	1.3605				
		0.3101	0.335	0.3024	0.3017	0.3013	0.2708	0.263	0.2542	0.3004	1.6109				
		
41:00	37.00	0.3121	0.2559	0.3186	0.2798	0.2764	0.2674	0.2815	0.2793	0.3158	0.3158				
		0.2607	0.2935	0.2979	0.2933	0.3038	0.2714	0.2932	0.3003	0.3126	0.2695				
		0.2897	0.3021	0.2934	0.2979	0.2941	0.2662	0.295	0.2932	0.3116	0.0435				
		0.3003	0.2795	0.3089	0.2826	0.2722	0.283	0.2682	0.2719	0.3271	0.3953				
		0.2709	0.3272	0.3013	0.3434	0.2966	0.288	0.2675	0.2687	0.3114	0.7365				
		0.2872	0.3288	0.2793	0.2883	0.3027	0.2918	0.3127	0.3235	0.3172	1.0564				
		0.2929	0.3158	0.3213	0.3038	0.2722	0.2773	0.2968	0.2817	0.3249	1.3607				
		0.3104	0.3195	0.3232	0.2986	0.2989	0.2657	0.2719	0.247	0.3044	1.6111				
		
42:00	37.00	0.3074	0.2545	0.329	0.2816	0.2733	0.265	0.2719	0.277	0.3171	0.3079				
		0.2677	0.2786	0.2982	0.2995	0.3067	0.2694	0.2883	0.2965	0.312	0.2601				
		0.29	0.3084	0.2882	0.2934	0.2914	0.2558	0.295	0.2902	0.3127	0.0434				
		0.3049	0.2712	0.3054	0.283	0.2694	0.2769	0.2542	0.2755	0.3255	0.3955				
		0.269	0.3168	0.3047	0.347	0.3001	0.2864	0.2607	0.2585	0.3116	0.7355				
		0.2872	0.3384	0.2809	0.2867	0.3016	0.2886	0.3073	0.3182	0.3229	1.0566				
		0.289	0.3178	0.3199	0.3005	0.2685	0.277	0.2917	0.2795	0.3234	1.3587				
		0.3069	0.3259	0.3337	0.298	0.301	0.2673	0.2876	0.2425	0.2961	1.6086				
		
43:00	37.00	0.3184	0.2637	0.3165	0.2942	0.2654	0.2579	0.2712	0.276	0.3146	0.3099				
		0.2881	0.2797	0.2912	0.3003	0.3023	0.2706	0.2836	0.2912	0.3085	0.2642				
		0.2911	0.2984	0.2812	0.2887	0.2919	0.2563	0.2932	0.2881	0.3102	0.0435				
		0.3114	0.2691	0.3017	0.2793	0.2679	0.289	0.2548	0.2674	0.3213	0.3956				
		0.2764	0.3188	0.2907	0.3443	0.2939	0.2819	0.2574	0.2556	0.3102	0.7362				
		0.2866	0.3392	0.2811	0.2835	0.3032	0.2837	0.3036	0.3116	0.3218	1.0563				
		0.2917	0.3328	0.3226	0.2976	0.2692	0.2714	0.2875	0.2775	0.3233	1.3605				
		0.3123	0.3395	0.3349	0.2928	0.3037	0.2585	0.2922	0.2384	0.2975	1.6098				
		
44:00	37.00	0.3076	0.251	0.3104	0.3049	0.2614	0.2635	0.2682	0.2674	0.318	0.3122				
		0.285	0.2805	0.2862	0.2952	0.2911	0.2732	0.2834	0.2881	0.3075	0.2817				
		0.2941	0.3034	0.2746	0.2852	0.2843	0.2737	0.2878	0.2859	0.3143	0.0432				
		0.313	0.259	0.3002	0.2792	0.2623	0.2881	0.2483	0.2659	0.3219	0.3954				
		0.258	0.3232	0.2958	0.3462	0.2873	0.2747	0.2554	0.2605	0.3103	0.7359				
		0.2805	0.3405	0.2769	0.2807	0.3011	0.2895	0.298	0.2991	0.3209	1.0567				
		0.2909	0.3328	0.3134	0.2965	0.2639	0.2665	0.2859	0.2799	0.3256	1.3588				
		0.3119	0.3447	0.33	0.2997	0.2979	0.2539	0.2922	0.2324	0.3013	1.6091				
		
45:00	0.00														
															
															
															
															
															
															
															
		
46:00	0.00														
															
															
															
															
															
															
															
		
47:00	0.00														
															
															
															
															
															
															
															
		
48:00	0.00														
															
															
															
															
															
															
															
		
49:00	0.00														
															
															
															
															
															
															
															
		
50:00	0.00														
															
															
															
															
															
															
															
		
51:00	0.00														
															
															
															
															
															
															
															
		
52:00	0.00														
															
															
															
															
															
															
															
		
53:00	0.00														
															
															
															
															
															
															
															
		
54:00	0.00														
															
															
															
															
															
															
															
		
55:00	0.00														
															
															
															
															
															
															
															
		
56:00	0.00														
															
															
															
															
															
															
															
		
57:00	0.00														
															
															
															
															
															
															
															
		
58:00	0.00														
															
															
															
															
															
															
															
		
59:00	0.00														
															
															
															
															
															
															
															
		
1:00:00	0.00														
															
															
															
															
															
															
															
		
Time(hh:mm:ss)	Temperature(°C)	1	2	3	4	5	6	7	8	9	10	11	12		
		-0.009441	-0.01348	0.65	0.28	NoFit	6	0.848571	NoFit	0.76	NoFit			
		1.142857	1.68	0.3	-6	NoFit	1.05	-0.036667	0.45	NoFit	-0.219394			
		0.23	-0.347273	NoFit	-0.09	NoFit	0.6	NoFit	-0.064951	2.13	0.014045			
		2	1.7	NoFit	2	NoFit	0.6	NoFit	NoFit	NoFit	0.1			
		NoFit	0.25	NoFit	0.2	NoFit	0.79	1.01	NoFit	1	0.9			
		NoFit	0.65	NoFit	0.3	NoFit	-0.5	1.5	0.06	0.1	-0.010714			
		0.031818	NoFit	0.042857	0.05	-0.36	0.9	0.25	1.1	1.9	0.043636			
		-0.192157	1.2	NoFit	-0.173776	0.3	-0.451667	-12.7	2.2	-0.827794	-0.171429			
