760
971
757
974
155605
3305
2782466
13680299
62356
2782609
10110
70684
2777972
244896
9740
316511
11746
11263
2782825
1060
11729
11553
11734
7899
564951
256876
8856
1032
75551
68152
68152
612
12251
3732841
9777
385606
371
5709614
2762733
95324
2782823
69581
68535
444972
54678503
73557
2777085
2760712
7019028
2775125
1493857
318915
3711426
32743
637090
15655
2733160
58
83766
487
538366
3801157
1110
8088
525
525
875
447315
74924
6655
102860
75809
12300
3354774
12522
4102130
264
6590
152910
11266
441
134442
12301
160430
2736377
310623
2778306
5463458
5708835
2733259
236262
21220663
102621
14695229
642034
324379
22464
643798
69017
5280498
811
2775536
19867367
2782446
2733272
79482
12676756
81326
99873
638122
10931
5282706
61138
19494
138440
125468
74563
11579
298859
11686
743
10349
11268
11446
16368
83542
14244
168356
20441
11116171
8314
10430
6417
7991
19373905
15268841
95433
99823
78548
78501
5316899
239828
18404486
75366
588648
9555
2733269
2773201
123587
6961
671716
719625
719451
688070
735840
575534
3653818
99815
276350
643181
80646
12222648
77604
900853
3157492
101359
15284809
3588736
98370
12754876
80206
2752991
819020
11240663
731767
575777
583124
237413
5370625
734154
6483884
72871
637668
699414
1622530
24123
29788
351737
226294
64810
854054
3798557
736186
74655
12031
81760
95459
445858
79628
12039
2733978
10491483
80406
28529
2797
24212094
10889272
4645427
91637
99223
97479
79711
4989777
10714
10194
13222
30938
7012
4749495
138042
73927
20724
10820
4775
137601
3691284
83694
3801098
201887
88944
80652
66336
95750
281331
72972
138500
350555
74469
138316
607287
4916786
7139
14340
11308
10276
8357
78093
22016552
43803168
13573017
22439330
2734488
5275520
719233
10130
239867
12305117
5282725
1490324
75200
5192
142712
74300
74502
2063615
2773212
88665
282591
4549852
68448
2782788
4445975
1268098
6847
7123
6844
16790
7104
5463800
85557
671
66637
736299
16218288
16218287
819380
5020077
118616
691106
2818493
369179
251957
5355095
58216595
51358228
16218289
765581
101370
70804
239604
348644
2782322
5709602
544452
244162
704218
73914
3861678
697594
717531
5324677
76613
3858
735842
99525
734009
637775
16197
3164941
1531518
2734670
235533
77606
17908628
88631
7403
16757
78123
11052
20413
78280
562201
72971
4426314
3431853
79417
721136
314929
3870215
66343
75019
70372
30818
17605967
597182
24258975
24258976
232323
7063994
13235
2736518
71310729
31039
21306970
5634
136759
94769
17812
8180
77237
2334
79881
95073
14357
6862
11393
3014285
608722
70356
8422
70161
349181
759280
94305
5370536
13001421
53398845
28063267
3921417
212526
348720
97447
688183
71299093
66167
13628190
223595
65990511
735755
1531683
79695
78304
7010315
266053
323675
64860
2728837
123221
98210874
429307
713509
5312378
98882
12736
175468
66980
33970
3893
79034
67542
5121297
6099959
8949
3693607
91886505
6335619
10242446
57507849
2366695
639962
5280518
5356793
643757
444212
2782838
645306
95964
324380
853756
143036
643460
227798
3164166
15376174
75748
6544483
2568
10888028
71
14925
311
227176
3779453
8758
3456032
112103
15308
18840
5282707
5365909
5282708
2760863
117177
552244
47
246523
18407
70
13150
11701
11848
12046
12284
196
6950212
1662
3037582
12013
20210
245933
236508
5187990
4071245
7152
11684
6915
7341
14057
7755
12587
8892
77199
99824
92779
17046910
538288
12586559
14073324
21935982
243
298173
2733983
11770
2734269
2734259
297549
98835
2782789
3769937
151915
737171
2733274
8377
6951
350623
66121
5764
4219630
302932
520062
521170
853154
2734270
6948
33126
89027
33125
2735544
108829
12594302
33127
1268169
2778181
70509
302681
2736315
2735572
5182520
302939
68452
243025
16218087
3774467
232986
12063
18464
75259
302931
99152
2736537
821264
519638
139452
19870
17287
20902
80475
7320
17286
5765
5787
5784
5758
5817
5811
18749
9445
2778925
2733302
12520164
13158583
280997
2737416
67987
2737420
370590
74102
76339
9796
99166
458964
26549
8631
11880
11879
7433
11873
6940
11456
11464
84368
15735511
268737
6972
81814
8374
447
6318
19860
74585
78782
9447
9935
9968
9973
586777
160456
593635
67661
67658
50989692
6941
12060
12085
72874
736854
8388
11087
8497
6108
69266
7318
69265
820393
6807
12033
5325560
3418752
11569604
2769624
24729521
17211
329979
95738
7420
135
338
19
1491
3469
9338
72
7424
11874
370
86
2736521
735431
3157493
15507525
13835292
18435762
80940
69134
2779136
129251846
73977786
91658732
1132724
69470
96216
20903
4377950
3569983
2760252
16213729
192730
95084
222467
11062480
140065
5362565
5282650
5282710
70705
7413
71606
29893137
98810
12681
20984
12292
385
77
544887
171560
546304
2755974
16730047
1366
14455
20653
8094
2760949
15003010
3709202
21848078
25219190
82009
69544
69553
53425520
21942542
688182
590659
2778468
2774067
642096
2782737
16217753
518002
518003
688292
688123
688293
519222
688255
522268
688294
81361
12514106
90073
2777948
2777950
9899
9963
9966
688330
2777858
2733970
164578
66096
67613
2775111
138061
15875
12087
69122
69043
69121
12069
132386
171018
88209
81058
79874
1486
520772
123581
522823
123585
69571
145424
588650
737360
11085349
221513
98824
85477
11915
8496
1017
7196
12490
69257
2735588
226292
228080
2735589
87754
2735590
82130
74653
22599
99570
82131
74654
346004
2769628
89906
253598
66836
97930
13450755
16215867
74657
881739
16217459
296106
139879
88870
17124
241752
82010
15879
74234
348269
15880
608814
11969
785085
16218063
221503
97720
118534
169982
12909341
93682
2063378
10299
26229
76970
242829
67979
246682
67687
67617
3860639
242828
9837
182114
9793959
2737360
68014
2733401
67882
2759365
142941
2780090
621640
3870220
624158
13450756
74658
10378
6957
16096
74790
519683
16097
77337
21575
18370
15876
255027
7319
4661
18371
75776
81374
78632
78764
447364
288657
66640
339209
816761
7418
8373
7470
999
59541
19498
83230
11970
11370
68512
12122
11461
6738
76360
68475
68138
127
7478
5788
235188
6973
11829639
1292
19188
15881
70140
75231
75787
547
2748045
86957
591524
122903
780
12575
8468
220380
77670
85782
266034
283841
241632
233243
10374614
351010
19849158
13874409
13549244
277942
564581
78949
721733
12268635
15507524
13642468
2779182
2779182
15093930
53398843
14106
136906
14106
75530792
11073651
70744
152115
85811
5282714
8818
114490
5282716
20330
543977
15091
21363
20330
67600
3702280
736153
26464
10457
552003
548275
3028072
5526
8697
379
69820
106312
74091
6423044
736187
90618
12889
5708779
143579
23067883
90070
23720426
5941651
688108
688027
5374945
2733299
5372267
2733300
5374941
2737588
2737593
578680
2776639
15897047
589706
69475
11288
10708
11138
776461
737158
2756835
637797
2820813
735833
1530234
1551219
594597
67695
118342
164593
1519397
79587
737157
735923
687126
95158
16038256
225446
2740915
819305
2778994
4986395
3669498
73758
3015504
444539
275706
1547667
11159663
68474
637540
220324
11470
997
637541
446611
76115
238669
979
68137
66643
75152
327428
316010
2063862
2735609
4519056
3507593
3963668
222963
2774026
13505097
177164
123137
88712
95696
7542
76780
720989
7204
2774976
612199
240053
2063866
2737489
136302
74099
2736667
1549514
89244
13530897
2733991
78690
13581612
344176
579885
6486001
11782
11897
11892
12439
34170
10296
12073
10356
12086
107
12121
69519
248474
2737461
83231
4983912
20235213
74651
70329
67252
597164
520167
7134
13658
873
10394
12126
81579
15719
81596
3848
3283498
12093
597216
7690
290301
10726
15882
15204
7052
76027
15109
7121
14332
96384
160562
112056
9378
555252
572345
2735406
53398840
53398844
79139
269945
10176239
69702
5282723
3616945
35860
2266
8158
171548
4377950
5275520
243
76780
520987
6417
3893
77857
14625065
6862
7130633
16044718
776336
3159018
487260
11040949
69820
5315
16770483
6484178
9484192
