##BLOCKS= 4          
Plate:	Plate#1	1.1	PlateFormat	Kinetic	Absorbance	Raw	FALSE	61	3600	60				1	410	1	12	96	
Time(hh:mm:ss)	Temperature(¡C)	1	2	3	4	5	6	7	8	9	10	11	12		
0:00	37.00	0.2743	0.2534	0.2708	0.2364	0.2635	0.2566	0.252	0.2534	0.2604	0.2476	0.2137	0.2732		
		0.2684	0.2402	0.2659	0.2553	0.2713	0.2485	0.2653	0.224	0.2443	0.2077	0.2376	0.2713		
		0.2571	0.2452	0.2573	0.2854	0.2852	0.2479	0.2569	0.2486	0.2527	0.0449	0.2976	0.267		
		0.2701	0.245	0.2663	0.2665	0.275	0.253	0.2275	0.2383	0.2471	0.358	0.3116	0.3185		
		0.2816	0.2558	0.2448	0.273	0.2623	0.2683	0.2492	0.2287	0.2251	0.6581	0.3314	0.2923		
		0.2467	0.2748	0.2936	0.272	0.2429	0.2423	0.2659	0.258	0.2475	1.0167	0.306	0.2695		
		0.269	0.2586	0.2603	0.241	0.2388	0.2685	0.279	0.2433	0.2566	1.3112	0.2924	0.2808		
		0.2416	0.2877	0.2597	0.2429	0.2613	0.2752	0.2508	0.2642	0.243	1.5665	0.2782	0.2764		
		
1:00	37.00	0.2796	0.2565	0.2782	0.2477	0.2797	0.2718	0.2762	0.2808	0.2847	0.2812	0.2517	0.2914		
		0.2812	0.2481	0.278	0.2669	0.2876	0.2664	0.2864	0.2427	0.2707	0.2304	0.2763	0.2926		
		0.2785	0.2562	0.2664	0.3051	0.301	0.2634	0.2813	0.273	0.2793	0.0449	0.3136	0.2867		
		0.2812	0.2559	0.2774	0.2773	0.2901	0.2706	0.2506	0.2657	0.2786	0.3575	0.3303	0.3428		
		0.2967	0.2702	0.253	0.2868	0.2865	0.2932	0.2753	0.2444	0.2509	0.6568	0.3407	0.3152		
		0.2767	0.284	0.3089	0.2908	0.2628	0.2589	0.2971	0.2816	0.2697	1.0152	0.3176	0.3019		
		0.2767	0.2679	0.2811	0.258	0.2533	0.2876	0.3017	0.2652	0.2781	1.3085	0.3071	0.3102		
		0.2587	0.3081	0.2672	0.249	0.278	0.2975	0.2785	0.2869	0.2735	1.5654	0.3028	0.3134		
		
2:00	37.00	0.2869	0.2658	0.2897	0.2549	0.2869	0.2854	0.2894	0.2939	0.2955	0.3007	0.2671	0.3046		
		0.2905	0.2521	0.2891	0.2714	0.2971	0.2749	0.3002	0.2511	0.2862	0.2415	0.2948	0.3045		
		0.2894	0.2661	0.2725	0.3163	0.3112	0.2711	0.2961	0.2855	0.295	0.0449	0.3258	0.2989		
		0.2867	0.2611	0.2864	0.2858	0.3003	0.2737	0.2639	0.2785	0.2952	0.3573	0.3397	0.3608		
		0.3036	0.2793	0.2605	0.294	0.2946	0.3041	0.286	0.2478	0.2654	0.6558	0.3483	0.3319		
		0.2869	0.2924	0.3132	0.3002	0.2734	0.2689	0.3209	0.2941	0.2817	1.0146	0.3252	0.3183		
		0.2842	0.2741	0.2884	0.2628	0.2609	0.3015	0.3143	0.2763	0.2905	1.3078	0.326	0.3257		
		0.2646	0.3181	0.2715	0.2557	0.288	0.3098	0.2881	0.3005	0.2905	1.5652	0.3165	0.3305		
		
3:00	37.00	0.2943	0.2689	0.2927	0.2595	0.2959	0.294	0.2964	0.3055	0.3045	0.3109	0.2761	0.3127		
		0.2974	0.256	0.2942	0.2724	0.3037	0.2809	0.3073	0.2547	0.2981	0.2485	0.3078	0.3137		
		0.2938	0.2674	0.2774	0.3228	0.3136	0.2756	0.3028	0.294	0.3031	0.0448	0.3355	0.3071		
		0.292	0.267	0.2908	0.2914	0.3083	0.2798	0.271	0.2897	0.3055	0.3572	0.3468	0.3726		
		0.3097	0.2877	0.2638	0.2999	0.3005	0.3136	0.2956	0.2502	0.2761	0.6553	0.3563	0.3426		
		0.2919	0.2959	0.3194	0.3082	0.286	0.2743	0.34	0.3	0.2901	1.014	0.3333	0.3279		
		0.288	0.2779	0.2904	0.2639	0.267	0.3094	0.325	0.2785	0.303	1.3078	0.3241	0.3356		
		0.2714	0.3286	0.2752	0.2623	0.301	0.3156	0.2958	0.3126	0.2999	1.5647	0.3291	0.3413		
		
4:00	37.00	0.2975	0.2706	0.2946	0.2604	0.2989	0.3	0.3021	0.3144	0.3114	0.3175	0.2819	0.3178		
		0.2988	0.2564	0.2988	0.2763	0.3088	0.2854	0.3133	0.2577	0.3043	0.2538	0.3146	0.3203		
		0.2939	0.2718	0.2784	0.3268	0.3185	0.2794	0.3101	0.2979	0.3111	0.0447	0.3412	0.3127		
		0.2965	0.2664	0.2951	0.296	0.3137	0.2816	0.2759	0.2955	0.3143	0.3569	0.3539	0.38		
		0.3132	0.2951	0.2721	0.3024	0.3057	0.3207	0.2998	0.2525	0.2831	0.6555	0.3614	0.3525		
		0.2966	0.299	0.3243	0.3136	0.2902	0.2795	0.3576	0.3047	0.2952	1.0132	0.3388	0.3347		
		0.2924	0.2825	0.2918	0.2636	0.2688	0.3123	0.3327	0.2808	0.3058	1.309	0.3298	0.338		
		0.2784	0.3389	0.2764	0.2599	0.3076	0.3185	0.2975	0.3193	0.3042	1.5667	0.3391	0.3494		
		
5:00	37.00	0.2997	0.2727	0.2964	0.2612	0.3028	0.3045	0.3083	0.321	0.3129	0.3222	0.2839	0.3244		
		0.3012	0.254	0.2999	0.2765	0.3109	0.2876	0.3255	0.2598	0.3098	0.2577	0.3216	0.3261		
		0.2993	0.2712	0.2804	0.3307	0.3243	0.2868	0.3142	0.3016	0.317	0.0449	0.3446	0.3161		
		0.302	0.2651	0.2966	0.2983	0.3196	0.2829	0.2797	0.2999	0.319	0.3569	0.3588	0.3859		
		0.3165	0.3012	0.2702	0.3029	0.311	0.3248	0.3015	0.254	0.2866	0.6552	0.3663	0.362		
		0.3001	0.302	0.3249	0.318	0.2948	0.2815	0.3737	0.3072	0.2981	1.0129	0.3431	0.3385		
		0.2942	0.2837	0.2941	0.2661	0.2676	0.3124	0.3412	0.284	0.3096	1.3093	0.3322	0.3429		
		0.2829	0.35	0.2766	0.2657	0.3123	0.3212	0.2981	0.3234	0.3092	1.567	0.3474	0.3534		
		
6:00	37.00	0.3015	0.2742	0.2962	0.259	0.3006	0.3086	0.3119	0.3234	0.3166	0.3254	0.284	0.3263		
		0.3032	0.2523	0.2993	0.2765	0.3119	0.2894	0.3284	0.2598	0.3138	0.2614	0.3265	0.3304		
		0.2987	0.2687	0.2808	0.3332	0.3304	0.289	0.3175	0.3038	0.3214	0.045	0.3503	0.3199		
		0.3069	0.2661	0.2987	0.2998	0.3223	0.2821	0.2814	0.3046	0.3224	0.3567	0.3618	0.391		
		0.3194	0.3072	0.2831	0.3028	0.3141	0.3296	0.3006	0.2536	0.2897	0.6547	0.3716	0.368		
		0.3006	0.3007	0.3247	0.3219	0.2993	0.2836	0.3908	0.3082	0.3	1.0122	0.3468	0.3402		
		0.2929	0.2846	0.2959	0.2657	0.2666	0.3129	0.3442	0.2844	0.3118	1.308	0.3381	0.3458		
		0.2894	0.3576	0.2772	0.2643	0.3157	0.32	0.2968	0.3229	0.3101	1.5658	0.3544	0.3561		
		
7:00	37.00	0.3034	0.2765	0.2948	0.2585	0.2986	0.3131	0.3127	0.3258	0.3178	0.3277	0.2826	0.3288		
		0.304	0.2523	0.2965	0.2774	0.311	0.2908	0.3204	0.2588	0.3162	0.2646	0.329	0.3337		
		0.298	0.2687	0.2813	0.334	0.3341	0.2913	0.3195	0.3063	0.3233	0.045	0.3546	0.3215		
		0.3099	0.2658	0.2989	0.3007	0.3242	0.2807	0.2833	0.3046	0.3237	0.3567	0.3649	0.3939		
		0.3189	0.3128	0.2685	0.3026	0.3147	0.3334	0.3007	0.253	0.2907	0.6544	0.3733	0.3725		
		0.3015	0.2992	0.3254	0.3233	0.3031	0.2845	0.4053	0.3075	0.3008	1.0125	0.3483	0.3415		
		0.2927	0.2833	0.297	0.2653	0.2666	0.3113	0.3525	0.2859	0.3111	1.3089	0.3331	0.3455		
		0.2936	0.3669	0.2761	0.2603	0.3167	0.3228	0.2977	0.3241	0.311	1.5648	0.3596	0.3582		
		
8:00	37.00	0.306	0.276	0.2955	0.2577	0.2973	0.3141	0.3163	0.328	0.3182	0.3311	0.2802	0.3285		
		0.3045	0.2544	0.2964	0.2775	0.309	0.2925	0.321	0.2585	0.3175	0.2678	0.3295	0.3353		
		0.301	0.277	0.2805	0.3381	0.3344	0.2976	0.3204	0.3059	0.3238	0.0448	0.3598	0.3229		
		0.3119	0.2649	0.3009	0.3012	0.3255	0.2786	0.2855	0.3076	0.3252	0.3565	0.367	0.3962		
		0.3211	0.3188	0.2694	0.3062	0.3146	0.3351	0.2994	0.2556	0.294	0.654	0.3743	0.3791		
		0.302	0.2996	0.3248	0.3254	0.3054	0.2844	0.4194	0.308	0.2996	1.0115	0.3458	0.3415		
		0.294	0.2843	0.2971	0.2645	0.2653	0.3107	0.3611	0.2862	0.3081	1.3082	0.3403	0.3498		
		0.297	0.3767	0.2767	0.2572	0.3192	0.3265	0.2979	0.3259	0.3125	1.563	0.3648	0.3624		
		
9:00	37.00	0.3102	0.2776	0.2931	0.256	0.2985	0.3166	0.3155	0.3279	0.3136	0.3356	0.2775	0.3321		
		0.3053	0.2565	0.2935	0.2758	0.3054	0.2939	0.318	0.2584	0.3178	0.2715	0.3302	0.3372		
		0.3024	0.2718	0.2809	0.3385	0.3333	0.3043	0.3208	0.3035	0.3225	0.0447	0.3621	0.3249		
		0.3131	0.2662	0.3008	0.3017	0.3277	0.2772	0.2831	0.3087	0.3238	0.3562	0.3707	0.3979		
		0.3227	0.3247	0.2768	0.3063	0.3128	0.3351	0.2979	0.2546	0.294	0.6536	0.3746	0.3835		
		0.3001	0.2987	0.3237	0.3252	0.3068	0.2829	0.4348	0.3037	0.2963	1.0115	0.3446	0.341		
		0.296	0.285	0.2965	0.2637	0.2652	0.3055	0.3665	0.2878	0.3065	1.3073	0.3385	0.3457		
		0.3015	0.3834	0.2737	0.2576	0.3178	0.3284	0.2952	0.3262	0.3098	1.5635	0.3709	0.3607		
		
10:00	37.00	0.3116	0.2779	0.2904	0.2554	0.2995	0.3148	0.3158	0.3286	0.3095	0.3377	0.2792	0.3305		
		0.3045	0.2583	0.2934	0.2779	0.3034	0.294	0.3179	0.2591	0.3169	0.2754	0.3281	0.3399		
		0.3052	0.268	0.2802	0.3379	0.3306	0.3069	0.3204	0.304	0.3201	0.0449	0.3602	0.3255		
		0.3159	0.2637	0.3035	0.3018	0.3266	0.2759	0.2826	0.3088	0.3203	0.356	0.3711	0.3996		
		0.323	0.3302	0.2787	0.3068	0.3132	0.3353	0.2936	0.257	0.2943	0.6539	0.3768	0.3878		
		0.2975	0.2983	0.3222	0.325	0.3083	0.2819	0.4481	0.3039	0.2952	1.0112	0.3475	0.3409		
		0.2971	0.2867	0.2967	0.2631	0.2655	0.3018	0.3698	0.2892	0.3045	1.3086	0.3315	0.3447		
		0.3055	0.3926	0.2712	0.2549	0.3153	0.3305	0.2945	0.3255	0.3073	1.5641	0.3758	0.3598		
		
11:00	37.00	0.315	0.2742	0.2848	0.2538	0.302	0.3168	0.3144	0.3286	0.3056	0.3392	0.2745	0.3314		
		0.3034	0.2588	0.2939	0.2736	0.2998	0.2936	0.3146	0.2601	0.3158	0.2755	0.3263	0.341		
		0.3062	0.2699	0.278	0.3381	0.3276	0.3082	0.3182	0.3014	0.3204	0.0449	0.3588	0.327		
		0.3171	0.2619	0.3017	0.2998	0.3253	0.2755	0.2811	0.3077	0.3175	0.3558	0.3738	0.4031		
		0.3223	0.3355	0.2768	0.3025	0.3123	0.3356	0.2916	0.2585	0.2954	0.6536	0.3762	0.3914		
		0.2985	0.2975	0.3182	0.3246	0.3084	0.281	0.4619	0.3052	0.2915	1.0106	0.3475	0.3401		
		0.2969	0.2903	0.2961	0.2596	0.2607	0.301	0.3723	0.2887	0.304	1.3081	0.3374	0.347		
		0.3109	0.4004	0.2715	0.2543	0.3136	0.3315	0.2924	0.326	0.3042	1.5624	0.3815	0.3617		
		
12:00	37.00	0.317	0.2706	0.2801	0.2566	0.3052	0.3155	0.309	0.3275	0.3034	0.3394	0.2722	0.3286		
		0.3027	0.2586	0.2933	0.2708	0.2953	0.2933	0.3087	0.2608	0.3153	0.2777	0.3229	0.3416		
		0.3092	0.2739	0.2784	0.3367	0.3255	0.3117	0.3141	0.2973	0.3184	0.045	0.3627	0.3272		
		0.32	0.2597	0.3002	0.2998	0.3234	0.2728	0.2795	0.3081	0.3127	0.3556	0.3743	0.4033		
		0.3226	0.3404	0.27	0.3003	0.3141	0.3337	0.291	0.2584	0.2938	0.6531	0.3771	0.3954		
		0.3001	0.2948	0.3167	0.3232	0.3089	0.2806	0.4749	0.3039	0.2868	1.01	0.3473	0.3379		
		0.2977	0.2934	0.2942	0.2564	0.2583	0.2947	0.3747	0.2886	0.3008	1.3081	0.333	0.3477		
		0.3181	0.4089	0.2719	0.2533	0.3101	0.3336	0.2928	0.3237	0.2966	1.5604	0.3871	0.3627		
		
13:00	37.00	0.3189	0.2714	0.2778	0.257	0.3071	0.3136	0.3068	0.3242	0.2986	0.3389	0.2711	0.3302		
		0.301	0.2582	0.2913	0.2749	0.2933	0.2934	0.3049	0.2607	0.315	0.2808	0.318	0.3444		
		0.3116	0.2694	0.2774	0.336	0.3221	0.3175	0.3126	0.2938	0.3163	0.0449	0.3647	0.3273		
		0.3222	0.261	0.2976	0.297	0.3224	0.2715	0.279	0.3063	0.3117	0.3555	0.3766	0.4076		
		0.3216	0.347	0.2737	0.2939	0.3177	0.3332	0.2944	0.2598	0.2903	0.6536	0.3778	0.3997		
		0.3013	0.2941	0.3148	0.3226	0.31	0.281	0.4888	0.3012	0.283	1.0097	0.347	0.3368		
		0.299	0.2945	0.2941	0.2535	0.2605	0.2957	0.3813	0.2885	0.2991	1.3065	0.3307	0.346		
		0.3213	0.4206	0.2717	0.2544	0.3122	0.3335	0.2913	0.3217	0.2934	1.5603	0.3928	0.3599		
		
14:00	37.00	0.3218	0.2696	0.2745	0.2542	0.3051	0.3136	0.3071	0.3255	0.2906	0.3402	0.2693	0.3302		
		0.3003	0.2577	0.2912	0.2737	0.2933	0.2927	0.3009	0.2607	0.3135	0.2801	0.3128	0.3445		
		0.3105	0.2997	0.2767	0.3328	0.3175	0.3238	0.3086	0.292	0.3145	0.0446	0.3664	0.3283		
		0.325	0.2632	0.2984	0.2951	0.3226	0.2729	0.2786	0.3068	0.3093	0.3556	0.3787	0.4068		
		0.321	0.3562	0.2665	0.2889	0.3202	0.3303	0.2913	0.2623	0.2861	0.6539	0.3814	0.4035		
		0.3007	0.2925	0.3121	0.3224	0.3097	0.2807	0.5005	0.3015	0.2825	1.01	0.3479	0.3343		
		0.2995	0.2967	0.2928	0.2512	0.263	0.2926	0.3898	0.2891	0.2943	1.3064	0.3351	0.3464		
		0.3272	0.4313	0.274	0.2533	0.3108	0.3369	0.2917	0.3184	0.2924	1.562	0.3958	0.3602		
		
15:00	37.00	0.323	0.2678	0.2671	0.2532	0.3085	0.3134	0.309	0.3263	0.2866	0.3409	0.2682	0.3309		
		0.2964	0.2564	0.2932	0.274	0.2946	0.2908	0.2983	0.2593	0.3103	0.2823	0.309	0.3469		
		0.314	0.2775	0.2736	0.3312	0.3194	0.3238	0.3072	0.293	0.3117	0.0449	0.3676	0.3272		
		0.3278	0.2639	0.2946	0.2931	0.3218	0.27	0.2769	0.3084	0.3064	0.3551	0.3762	0.41		
		0.3196	0.3635	0.274	0.2923	0.3227	0.3279	0.293	0.2622	0.2826	0.6538	0.3818	0.4076		
		0.3002	0.2933	0.3134	0.3218	0.313	0.2796	0.5117	0.3025	0.2819	1.0095	0.3494	0.3338		
		0.2997	0.2972	0.2926	0.2489	0.2609	0.2942	0.3996	0.2891	0.2952	1.3071	0.3318	0.3446		
		0.3329	0.4437	0.2732	0.2551	0.3119	0.3382	0.2935	0.3139	0.289	1.5603	0.4035	0.3585		
		
16:00	37.00	0.324	0.2705	0.2629	0.2521	0.3089	0.3131	0.3081	0.3252	0.2846	0.3414	0.2697	0.3318		
		0.2955	0.2555	0.2924	0.2761	0.2954	0.2907	0.2943	0.2596	0.3094	0.2853	0.305	0.3478		
		0.312	0.2716	0.2735	0.3307	0.3158	0.3297	0.3046	0.2925	0.309	0.0449	0.3676	0.3284		
		0.3294	0.2632	0.2944	0.2904	0.3233	0.269	0.2759	0.3068	0.3038	0.3547	0.3763	0.412		
		0.3184	0.3716	0.2799	0.2952	0.325	0.3278	0.2934	0.2639	0.2819	0.6536	0.3822	0.4114		
		0.3008	0.291	0.3143	0.3217	0.3144	0.2777	0.523	0.304	0.2824	1.0088	0.3483	0.3335		
		0.2986	0.2999	0.293	0.248	0.26	0.2926	0.4089	0.2876	0.297	1.3062	0.3318	0.3446		
		0.3383	0.4552	0.2741	0.257	0.3129	0.337	0.2933	0.3105	0.2864	1.5573	0.4106	0.3567		
		
17:00	37.00	0.3263	0.2666	0.2606	0.2518	0.3102	0.3135	0.308	0.3166	0.2842	0.3425	0.2678	0.3313		
		0.2957	0.2569	0.2937	0.2749	0.2974	0.2911	0.2924	0.2612	0.3067	0.2874	0.3063	0.3469		
		0.3165	0.2719	0.2762	0.3289	0.3168	0.3309	0.3011	0.2974	0.303	0.045	0.3664	0.3292		
		0.332	0.2637	0.2924	0.2888	0.3248	0.2701	0.2762	0.3089	0.3011	0.3545	0.3776	0.4124		
		0.3168	0.3782	0.2674	0.2907	0.3276	0.3286	0.2965	0.265	0.2797	0.6528	0.3826	0.4144		
		0.2979	0.2927	0.3141	0.3212	0.3153	0.2786	0.5359	0.3061	0.2822	1.0085	0.3486	0.3346		
		0.2992	0.3033	0.2942	0.2512	0.2614	0.295	0.42	0.2877	0.2964	1.3056	0.3369	0.3437		
		0.3421	0.4683	0.2723	0.2578	0.313	0.3384	0.292	0.3111	0.2893	1.5568	0.4153	0.3539		
		
18:00	37.00	0.3282	0.2705	0.2619	0.2537	0.311	0.3168	0.3116	0.3206	0.2895	0.3448	0.2695	0.3311		
		0.2949	0.2575	0.2938	0.2778	0.2982	0.2935	0.2895	0.2611	0.3046	0.2884	0.3114	0.3478		
		0.3196	0.2732	0.2792	0.3314	0.3157	0.3332	0.2987	0.3012	0.3023	0.045	0.3682	0.3306		
		0.336	0.2661	0.2956	0.2901	0.3269	0.2714	0.2769	0.3083	0.2997	0.3545	0.3768	0.4143		
		0.3158	0.3797	0.269	0.2962	0.33	0.3302	0.2979	0.2653	0.2802	0.652	0.3841	0.4184		
		0.2965	0.2917	0.315	0.3195	0.3167	0.2818	0.5455	0.3071	0.2848	1.0083	0.3499	0.3314		
		0.2991	0.308	0.2935	0.2492	0.2613	0.2951	0.4327	0.2885	0.296	1.3046	0.3292	0.3447		
		0.3457	0.4807	0.2727	0.2554	0.3106	0.3421	0.2941	0.3119	0.2896	1.5549	0.4164	0.3531		
		
19:00	37.00	0.3292	0.2698	0.2656	0.2522	0.3133	0.3158	0.3122	0.3087	0.2936	0.3466	0.2666	0.3295		
		0.294	0.2598	0.2923	0.2755	0.299	0.2963	0.2892	0.2617	0.3039	0.2908	0.3182	0.3486		
		0.3216	0.2884	0.2812	0.3341	0.3134	0.3373	0.2974	0.2998	0.3046	0.0449	0.3703	0.3308		
		0.3389	0.2687	0.2957	0.2905	0.3293	0.2706	0.2792	0.3112	0.3005	0.3546	0.376	0.4149		
		0.313	0.3806	0.2869	0.2943	0.331	0.3326	0.2979	0.2655	0.2826	0.6519	0.3826	0.4215		
		0.2957	0.2918	0.3119	0.3187	0.3204	0.2832	0.5611	0.3082	0.2853	1.008	0.3523	0.331		
		0.3001	0.3119	0.2933	0.2491	0.2589	0.2953	0.4433	0.2885	0.2954	1.3039	0.3248	0.3429		
		0.3502	0.4956	0.2729	0.2578	0.3113	0.3457	0.2945	0.311	0.2872	1.5564	0.4206	0.3522		
		
20:00	37.00	0.3289	0.2707	0.2643	0.2534	0.313	0.3151	0.3133	0.3125	0.3023	0.3503	0.2685	0.3314		
		0.2938	0.262	0.292	0.2765	0.3004	0.2994	0.2904	0.2606	0.3014	0.2917	0.3226	0.3483		
		0.3214	0.2721	0.2813	0.3353	0.3132	0.3436	0.2981	0.3042	0.3039	0.0449	0.3704	0.3312		
		0.341	0.2664	0.2983	0.2908	0.3318	0.2709	0.2805	0.3154	0.3004	0.3547	0.3773	0.4149		
		0.3128	0.3828	0.2741	0.2979	0.3343	0.3346	0.2967	0.267	0.2847	0.6524	0.3829	0.4242		
		0.2842	0.2918	0.3125	0.3213	0.3232	0.2845	0.5705	0.307	0.2885	1.0079	0.3533	0.3294		
		0.3002	0.3151	0.2929	0.2485	0.2645	0.296	0.4552	0.2894	0.2944	1.3046	0.3231	0.3434		
		0.3513	0.5058	0.275	0.2633	0.3104	0.3502	0.2978	0.3121	0.289	1.5572	0.4247	0.3528		
		
21:00	37.00	0.3318	0.2655	0.2655	0.2559	0.3149	0.3144	0.3145	0.3107	0.306	0.3529	0.2694	0.3299		
		0.2922	0.2634	0.2934	0.2764	0.3036	0.3015	0.3125	0.2645	0.3015	0.2935	0.3234	0.3489		
		0.3282	0.2718	0.2837	0.3385	0.3128	0.3504	0.2986	0.3025	0.3078	0.0448	0.3705	0.3312		
		0.3438	0.2689	0.2982	0.2928	0.3333	0.2723	0.2813	0.3197	0.3006	0.3543	0.3776	0.4165		
		0.3116	0.3941	0.27	0.2978	0.3367	0.3362	0.2955	0.2678	0.2863	0.6519	0.383	0.4265		
		0.2963	0.2944	0.3109	0.3245	0.3279	0.2861	0.5814	0.309	0.2883	1.0075	0.3555	0.3277		
		0.2994	0.3185	0.2933	0.2504	0.261	0.2955	0.4687	0.291	0.2954	1.3041	0.3228	0.3427		
		0.3572	0.5169	0.2735	0.2618	0.308	0.3537	0.2987	0.3148	0.2889	1.5546	0.4301	0.3516		
		
22:00	37.00	0.334	0.2644	0.2664	0.2551	0.3197	0.3131	0.3205	0.3147	0.3112	0.3502	0.2681	0.3326		
		0.2917	0.2642	0.2936	0.275	0.3038	0.3033	0.3115	0.2634	0.3013	0.2959	0.3221	0.3486		
		0.3321	0.2722	0.286	0.3416	0.3152	0.3546	0.302	0.3008	0.3095	0.0453	0.3703	0.3327		
		0.3463	0.2697	0.2987	0.2944	0.3358	0.2717	0.282	0.3226	0.2993	0.3542	0.3777	0.4166		
		0.3105	0.4027	0.2753	0.3011	0.3396	0.338	0.296	0.2716	0.2899	0.6517	0.3851	0.4306		
		0.2979	0.292	0.3109	0.3243	0.3314	0.2874	0.5919	0.3101	0.2878	1.0075	0.3577	0.3271		
		0.306	0.3196	0.2928	0.2535	0.2634	0.2941	0.4797	0.2933	0.2947	1.3047	0.3229	0.3418		
		0.3579	0.5294	0.2764	0.2668	0.3066	0.3562	0.3002	0.3155	0.2897	1.5529	0.4342	0.3518		
		
23:00	37.00	0.3348	0.2672	0.2706	0.2552	0.324	0.3124	0.3211	0.3125	0.3149	0.3495	0.2682	0.3341		
		0.2907	0.2653	0.2944	0.2762	0.3047	0.3045	0.3164	0.2678	0.3051	0.2994	0.3239	0.3506		
		0.3309	0.2708	0.2864	0.3424	0.3154	0.3593	0.304	0.3009	0.3129	0.0449	0.3726	0.3356		
		0.3473	0.2707	0.2981	0.2966	0.3358	0.2736	0.2846	0.3256	0.3007	0.3541	0.3778	0.4178		
		0.3089	0.4098	0.2746	0.2999	0.3428	0.3383	0.2969	0.2738	0.2923	0.6509	0.3835	0.4346		
		0.2946	0.2903	0.3084	0.3228	0.3346	0.2879	0.6035	0.3085	0.2868	1.0068	0.358	0.3277		
		0.308	0.3234	0.2922	0.252	0.2636	0.2955	0.4901	0.2918	0.2937	1.303	0.3224	0.3433		
		0.3636	0.5394	0.2763	0.2699	0.3058	0.3615	0.2993	0.3162	0.288	1.553	0.4384	0.3518		
		
24:00	37.00	0.3375	0.2657	0.2728	0.2562	0.3259	0.3118	0.3245	0.3074	0.3175	0.3494	0.2716	0.3322		
		0.2906	0.2653	0.2951	0.278	0.3064	0.3064	0.3	0.2689	0.3091	0.3005	0.323	0.3499		
		0.3325	0.2776	0.288	0.3449	0.3156	0.3659	0.3049	0.3045	0.3159	0.0449	0.3703	0.3342		
		0.3509	0.2682	0.2961	0.2991	0.3386	0.2729	0.288	0.3274	0.3004	0.3539	0.3776	0.4174		
		0.3069	0.4166	0.2735	0.3029	0.3451	0.3382	0.2974	0.2773	0.2953	0.6509	0.3845	0.4383		
		0.2932	0.2926	0.3076	0.3201	0.3391	0.2906	0.6141	0.3108	0.288	1.0071	0.3591	0.3263		
		0.3001	0.3295	0.29	0.255	0.2669	0.2984	0.5014	0.292	0.2954	1.303	0.3229	0.343		
		0.3686	0.5537	0.2772	0.2683	0.3059	0.3629	0.3026	0.3167	0.2888	1.5544	0.4425	0.3505		
		
25:00	37.00	0.3347	0.2647	0.2728	0.2562	0.3283	0.3121	0.3293	0.304	0.3196	0.3501	0.2716	0.333		
		0.2879	0.2652	0.2949	0.2823	0.3075	0.307	0.304	0.2696	0.3123	0.3018	0.3238	0.3507		
		0.3325	0.2815	0.2868	0.3449	0.3183	0.3684	0.304	0.3058	0.3177	0.0449	0.3731	0.3387		
		0.352	0.2697	0.2946	0.3003	0.3378	0.2742	0.2901	0.3274	0.3018	0.3538	0.3758	0.4179		
		0.3059	0.4228	0.2747	0.3046	0.3472	0.3389	0.2979	0.2779	0.2971	0.6512	0.3844	0.4428		
		0.2942	0.292	0.306	0.3151	0.3412	0.2909	0.6238	0.3134	0.2891	1.0068	0.3608	0.3247		
		0.298	0.333	0.2897	0.2544	0.2637	0.2987	0.5127	0.2911	0.2926	1.303	0.3218	0.3432		
		0.3765	0.5615	0.2792	0.268	0.2966	0.3664	0.303	0.3145	0.29	1.5535	0.4452	0.35		
		
26:00	37.00	0.3316	0.2643	0.2755	0.2549	0.3292	0.3123	0.3299	0.299	0.3194	0.3498	0.275	0.334		
		0.2854	0.2663	0.296	0.281	0.306	0.3081	0.2994	0.2687	0.3158	0.3021	0.3222	0.3503		
		0.3358	0.2913	0.2861	0.3459	0.3208	0.373	0.3049	0.3086	0.3198	0.0448	0.3703	0.3367		
		0.3534	0.2674	0.2939	0.3008	0.3391	0.274	0.2902	0.3281	0.3043	0.3538	0.3771	0.4192		
		0.3052	0.4294	0.295	0.3069	0.3498	0.3381	0.2981	0.2806	0.2982	0.6512	0.3847	0.4449		
		0.2856	0.2921	0.3039	0.3107	0.3439	0.2879	0.6334	0.3134	0.2886	1.0072	0.3619	0.3244		
		0.2971	0.3375	0.2872	0.2554	0.2584	0.3003	0.5261	0.2907	0.2922	1.3036	0.3182	0.3434		
		0.3819	0.575	0.2767	0.267	0.2965	0.3705	0.3021	0.3138	0.2918	1.5532	0.4524	0.3511		
		
27:00	37.00	0.3406	0.2622	0.2717	0.2546	0.3319	0.3112	0.3338	0.3011	0.3176	0.3485	0.2758	0.334		
		0.2839	0.2665	0.299	0.2812	0.3058	0.3082	0.32	0.2694	0.3178	0.3029	0.318	0.3502		
		0.3338	0.2776	0.2876	0.3476	0.3197	0.3777	0.3057	0.312	0.3194	0.045	0.3712	0.3359		
		0.354	0.2619	0.2909	0.3021	0.3379	0.2761	0.2901	0.3295	0.3059	0.354	0.3775	0.4184		
		0.3032	0.4362	0.2777	0.3074	0.3522	0.3377	0.2997	0.2801	0.3003	0.6498	0.3818	0.4497		
		0.2885	0.2921	0.302	0.3098	0.3494	0.2892	0.6414	0.3146	0.2922	1.0058	0.3662	0.3226		
		0.2962	0.3377	0.2882	0.259	0.2656	0.2979	0.5383	0.2907	0.2935	1.3027	0.3175	0.3439		
		0.3869	0.5796	0.2746	0.2707	0.3069	0.374	0.3001	0.3139	0.2925	1.5507	0.453	0.3484		
		
28:00	37.00	0.3427	0.2594	0.2694	0.2522	0.3361	0.3099	0.3377	0.3005	0.3163	0.3475	0.2751	0.3334		
		0.284	0.2663	0.2988	0.2815	0.3065	0.3084	0.3085	0.2706	0.32	0.3044	0.3183	0.3512		
		0.3395	0.2921	0.2881	0.3504	0.32	0.3818	0.3058	0.3122	0.3199	0.0451	0.3712	0.3381		
		0.3534	0.2626	0.2895	0.304	0.3379	0.2807	0.29	0.3319	0.3063	0.3536	0.3768	0.4203		
		0.3013	0.4395	0.2812	0.312	0.356	0.3386	0.2978	0.2831	0.301	0.6502	0.3827	0.453		
		0.2837	0.2914	0.3021	0.3099	0.3492	0.2882	0.6481	0.3154	0.2906	1.0062	0.3655	0.3215		
		0.2952	0.3397	0.2862	0.259	0.2621	0.2992	0.5516	0.2892	0.2922	1.3043	0.3197	0.3437		
		0.391	0.5884	0.2771	0.269	0.3049	0.3751	0.2985	0.3118	0.2923	1.5508	0.4584	0.348		
		
29:00	37.00	0.3472	0.2609	0.2698	0.2524	0.3378	0.307	0.3406	0.3003	0.3155	0.3369	0.2746	0.3341		
		0.2805	0.2652	0.2983	0.2792	0.3047	0.3097	0.3349	0.2711	0.3183	0.3051	0.3107	0.3526		
		0.3389	0.2858	0.2887	0.3501	0.3208	0.3845	0.307	0.3081	0.3195	0.045	0.3746	0.3377		
		0.3541	0.2588	0.2882	0.3034	0.336	0.2805	0.2898	0.3314	0.3057	0.3538	0.3775	0.4206		
		0.2947	0.4462	0.285	0.3138	0.3597	0.3375	0.2988	0.2859	0.3005	0.649	0.3817	0.4555		
		0.2876	0.2897	0.3001	0.2997	0.349	0.2873	0.6569	0.3172	0.2921	1.0052	0.3678	0.321		
		0.2932	0.3413	0.2866	0.2576	0.261	0.2951	0.5628	0.2878	0.2928	1.3045	0.3173	0.344		
		0.3952	0.5986	0.2745	0.2668	0.2959	0.3764	0.2945	0.312	0.2928	1.5508	0.4618	0.3472		
		
30:00	37.00	0.346	0.262	0.2711	0.2515	0.3385	0.3053	0.344	0.3	0.3151	0.341	0.2773	0.3326		
		0.2774	0.2648	0.3	0.2835	0.3087	0.3114	0.3363	0.272	0.3207	0.3077	0.2976	0.3521		
		0.3367	0.2852	0.2875	0.3497	0.3221	0.3892	0.3075	0.3113	0.3196	0.0449	0.3751	0.3377		
		0.3543	0.2538	0.2756	0.3035	0.3354	0.2803	0.289	0.3324	0.308	0.3535	0.3782	0.4228		
		0.2938	0.4517	0.2831	0.3165	0.3653	0.3294	0.2994	0.2881	0.3004	0.6492	0.3815	0.4596		
		0.2873	0.2888	0.2999	0.2984	0.3489	0.2891	0.6643	0.3174	0.2927	1.0046	0.369	0.3211		
		0.291	0.3432	0.285	0.2602	0.2562	0.2965	0.5749	0.2851	0.2951	1.3032	0.3182	0.3442		
		0.3986	0.6061	0.2735	0.2635	0.2999	0.3792	0.2887	0.3136	0.2907	1.5532	0.4666	0.3449		
		
31:00	37.00	0.3448	0.2606	0.2703	0.2491	0.3441	0.3037	0.3491	0.2971	0.3111	0.3478	0.2769	0.3271		
		0.2751	0.2627	0.3007	0.2856	0.3082	0.3105	0.3113	0.275	0.3217	0.3093	0.3196	0.3512		
		0.335	0.2846	0.286	0.3527	0.3243	0.3942	0.3092	0.309	0.3188	0.045	0.373	0.3369		
		0.3525	0.2568	0.2783	0.3052	0.3332	0.2817	0.2882	0.3294	0.311	0.3534	0.3784	0.4246		
		0.2896	0.4586	0.2867	0.3169	0.3663	0.3212	0.2984	0.2896	0.3005	0.6494	0.3792	0.4616		
		0.2877	0.2852	0.2988	0.3064	0.3481	0.2873	0.6721	0.3203	0.292	1.0037	0.3725	0.3205		
		0.2857	0.3434	0.2852	0.2633	0.2576	0.2986	0.5841	0.2804	0.296	1.3041	0.3198	0.3447		
		0.404	0.6124	0.2716	0.2638	0.2956	0.3787	0.2833	0.3131	0.2895	1.5518	0.4714	0.3445		
		
32:00	37.00	0.3458	0.2607	0.2704	0.247	0.3426	0.302	0.3524	0.2959	0.3092	0.3479	0.273	0.321		
		0.2747	0.2627	0.3003	0.2842	0.3094	0.3088	0.3083	0.2696	0.3215	0.3117	0.3214	0.3514		
		0.3284	0.2871	0.2858	0.3514	0.3275	0.3957	0.308	0.3103	0.3174	0.0452	0.3747	0.3368		
		0.3558	0.2505	0.2817	0.3073	0.3299	0.2828	0.2867	0.3283	0.3112	0.3532	0.3787	0.4235		
		0.2867	0.4649	0.2817	0.3177	0.3696	0.3145	0.2981	0.2909	0.3008	0.6487	0.3737	0.4625		
		0.2864	0.2826	0.2977	0.3002	0.3492	0.2843	0.6792	0.3168	0.2919	1.0027	0.3724	0.3211		
		0.2825	0.3428	0.2867	0.2643	0.2604	0.2961	0.5942	0.2741	0.2948	1.3057	0.3189	0.3436		
		0.4097	0.6196	0.2681	0.2647	0.2913	0.3766	0.2812	0.3102	0.2871	1.5497	0.4768	0.3441		
		
33:00	37.00	0.3482	0.2599	0.2658	0.243	0.3381	0.3138	0.3521	0.295	0.3102	0.3493	0.2713	0.3253		
		0.2709	0.2631	0.3004	0.2843	0.3101	0.3032	0.3101	0.2676	0.3186	0.3145	0.3193	0.3522		
		0.3277	0.2871	0.285	0.3519	0.3301	0.3965	0.3072	0.3126	0.3156	0.045	0.3756	0.3362		
		0.363	0.2492	0.2864	0.3069	0.3281	0.2818	0.2855	0.3282	0.3121	0.3532	0.3773	0.4243		
		0.2847	0.4706	0.2851	0.3209	0.3738	0.3139	0.2994	0.2915	0.3022	0.6486	0.368	0.4609		
		0.2874	0.2822	0.2959	0.2993	0.3466	0.2804	0.6869	0.3152	0.2897	1.0021	0.3748	0.3218		
		0.283	0.3405	0.2869	0.2656	0.2564	0.2979	0.6058	0.2711	0.2959	1.3037	0.3185	0.3408		
		0.4132	0.6279	0.2686	0.2584	0.2915	0.3764	0.2748	0.3077	0.2848	1.5524	0.4803	0.3401		
		
34:00	37.00	0.3493	0.2604	0.2639	0.2416	0.334	0.3153	0.3485	0.2933	0.3108	0.3474	0.2726	0.3439		
		0.2694	0.2599	0.3024	0.2851	0.3099	0.2899	0.3114	0.2683	0.3174	0.3154	0.3144	0.3533		
		0.3432	0.286	0.2829	0.3528	0.329	0.3992	0.3041	0.3127	0.3132	0.0453	0.3735	0.3357		
		0.3715	0.2479	0.2939	0.3059	0.3239	0.2817	0.281	0.3211	0.3114	0.3531	0.378	0.4241		
		0.285	0.4752	0.2805	0.3222	0.3782	0.3116	0.2992	0.2923	0.3015	0.6481	0.3755	0.4612		
		0.2835	0.2807	0.2955	0.312	0.3443	0.2724	0.6985	0.3157	0.2903	1.0011	0.3726	0.3207		
		0.2897	0.3387	0.2875	0.2652	0.258	0.2965	0.6177	0.2728	0.2934	1.3057	0.3121	0.3375		
		0.4189	0.6397	0.2787	0.2608	0.2892	0.3781	0.2724	0.3005	0.2834	1.5532	0.4849	0.3394		
		
35:00	37.00	0.3511	0.26	0.2621	0.2383	0.3353	0.3156	0.3458	0.2925	0.3042	0.3491	0.2709	0.3535		
		0.2649	0.2596	0.3023	0.2882	0.311	0.2791	0.3123	0.2657	0.3157	0.3182	0.3057	0.3524		
		0.3513	0.2862	0.2817	0.3505	0.3295	0.4	0.3028	0.3142	0.3123	0.0451	0.3759	0.3355		
		0.374	0.2479	0.2911	0.3033	0.3174	0.2823	0.277	0.3139	0.3113	0.3531	0.3781	0.4256		
		0.293	0.4826	0.2811	0.3236	0.3798	0.325	0.2999	0.2915	0.3023	0.65	0.3797	0.459		
		0.2837	0.2763	0.2984	0.3077	0.3426	0.2639	0.7018	0.3113	0.2917	1.0009	0.3709	0.3194		
		0.3008	0.3367	0.2904	0.2675	0.2548	0.2993	0.6278	0.2731	0.2914	1.3037	0.3085	0.3323		
		0.4236	0.652	0.2833	0.2609	0.2888	0.3805	0.2689	0.2927	0.2831	1.5543	0.4897	0.3383		
		
36:00	37.00	0.3534	0.2598	0.2606	0.2379	0.3364	0.3115	0.3411	0.2903	0.2869	0.3463	0.2702	0.3542		
		0.2643	0.2583	0.2998	0.2884	0.309	0.2957	0.3135	0.2694	0.3127	0.3204	0.3007	0.3519		
		0.3527	0.2816	0.28	0.351	0.33	0.4023	0.3004	0.3169	0.3091	0.0448	0.375	0.337		
		0.3756	0.266	0.2901	0.2992	0.311	0.2794	0.2703	0.3048	0.3091	0.3534	0.3796	0.4286		
		0.3085	0.4874	0.2793	0.3243	0.3801	0.3305	0.299	0.2903	0.3007	0.6499	0.3798	0.4558		
		0.2847	0.2759	0.2978	0.3045	0.3399	0.2571	0.7107	0.3098	0.2903	1.001	0.367	0.3177		
		0.2996	0.3368	0.2912	0.2684	0.2563	0.298	0.6348	0.2775	0.2868	1.303	0.3052	0.3247		
		0.4282	0.6662	0.2887	0.2608	0.2877	0.3799	0.2664	0.2818	0.2791	1.5569	0.492	0.3378		
		
37:00	37.00	0.3557	0.2598	0.2594	0.2358	0.3387	0.3105	0.3388	0.29	0.2959	0.3441	0.2704	0.3459		
		0.2655	0.2566	0.2978	0.2883	0.3094	0.3021	0.3127	0.2687	0.3103	0.3203	0.3045	0.3514		
		0.3512	0.276	0.2787	0.3492	0.3298	0.4017	0.3011	0.3206	0.2965	0.0449	0.3787	0.3378		
		0.3751	0.2688	0.2876	0.2965	0.3053	0.2791	0.2637	0.3057	0.3079	0.3541	0.38	0.4285		
		0.2948	0.4937	0.2828	0.3221	0.3722	0.3247	0.2973	0.2901	0.2944	0.65	0.3849	0.4619		
		0.2825	0.2759	0.2966	0.3042	0.3379	0.2554	0.7177	0.3065	0.287	1.0009	0.3648	0.3172		
		0.2942	0.3402	0.2927	0.2652	0.258	0.2958	0.6414	0.287	0.2819	1.3028	0.3	0.321		
		0.4335	0.6831	0.29	0.2516	0.2869	0.3787	0.2659	0.2737	0.2724	1.5608	0.4973	0.3376		
		
38:00	37.00	0.3568	0.2579	0.2564	0.2336	0.3374	0.3106	0.3368	0.2884	0.2994	0.3467	0.2714	0.348		
		0.2692	0.254	0.2972	0.2869	0.3071	0.2948	0.3126	0.2669	0.3053	0.3234	0.3013	0.3533		
		0.3517	0.2797	0.2723	0.3467	0.3316	0.4062	0.301	0.3202	0.2881	0.0451	0.3753	0.3368		
		0.3759	0.2676	0.2866	0.2925	0.3007	0.2765	0.2569	0.3268	0.3037	0.3533	0.3797	0.4278		
		0.2953	0.4989	0.2795	0.321	0.369	0.324	0.2961	0.2869	0.2773	0.6491	0.3974	0.4679		
		0.2826	0.2716	0.2979	0.3022	0.3314	0.2549	0.729	0.3029	0.2813	0.9999	0.3618	0.3135		
		0.2933	0.344	0.292	0.2642	0.2566	0.2934	0.6438	0.2915	0.2764	1.3026	0.303	0.3182		
		0.4392	0.7022	0.2859	0.2461	0.2856	0.3807	0.2634	0.2667	0.2627	1.5563	0.5007	0.3383		
		
39:00	37.00	0.3618	0.2579	0.2521	0.2331	0.339	0.3098	0.3341	0.2897	0.296	0.3477	0.2726	0.3461		
		0.2653	0.2498	0.2934	0.2857	0.3043	0.3	0.3127	0.2638	0.3015	0.3242	0.3024	0.352		
		0.3545	0.2688	0.2714	0.3442	0.3343	0.4104	0.2999	0.3157	0.2922	0.0451	0.3785	0.3358		
		0.3793	0.2668	0.286	0.2879	0.2932	0.2725	0.2536	0.3303	0.3022	0.3532	0.3799	0.431		
		0.2946	0.5035	0.2719	0.3165	0.3648	0.3217	0.2927	0.287	0.2559	0.6491	0.3897	0.5005		
		0.2829	0.2729	0.294	0.3015	0.324	0.2556	0.7404	0.2991	0.2757	1.0005	0.3576	0.3081		
		0.2912	0.3491	0.2951	0.2615	0.2558	0.2894	0.6485	0.29	0.2762	1.3024	0.2906	0.3156		
		0.4422	0.7236	0.2853	0.2429	0.2841	0.3836	0.259	0.2702	0.2555	1.5586	0.5054	0.3411		
		
40:00	37.00	0.3622	0.257	0.2492	0.2327	0.3386	0.3096	0.3332	0.288	0.2982	0.346	0.2743	0.3397		
		0.2745	0.2481	0.2913	0.2814	0.3012	0.2991	0.3121	0.2626	0.2942	0.3248	0.3	0.3519		
		0.3571	0.2764	0.2726	0.338	0.3297	0.4167	0.2907	0.3117	0.2951	0.045	0.3783	0.3381		
		0.3798	0.2646	0.2842	0.2826	0.3098	0.2672	0.2531	0.323	0.2948	0.3533	0.3806	0.4307		
		0.2909	0.5086	0.2677	0.314	0.3596	0.3222	0.2909	0.2867	0.241	0.6485	0.387	0.5286		
		0.2801	0.2715	0.2912	0.2999	0.3205	0.2686	0.743	0.2957	0.267	1.0014	0.3568	0.3037		
		0.292	0.351	0.2962	0.2586	0.2556	0.2857	0.6625	0.2897	0.2778	1.3039	0.2901	0.3112		
		0.449	0.7465	0.2826	0.2357	0.282	0.3897	0.255	0.293	0.2512	1.5554	0.5081	0.3471		
		
41:00	37.00	0.3641	0.258	0.2461	0.2302	0.3355	0.3116	0.3306	0.2872	0.2999	0.3469	0.274	0.3443		
		0.2809	0.2453	0.2885	0.2784	0.2953	0.3022	0.3103	0.2665	0.2896	0.3278	0.2973	0.3545		
		0.3589	0.2631	0.2773	0.3354	0.3242	0.4202	0.2803	0.3027	0.2989	0.045	0.3772	0.3368		
		0.3833	0.2666	0.2818	0.2833	0.3294	0.2642	0.2707	0.3265	0.2868	0.3533	0.3804	0.4332		
		0.2898	0.5153	0.2634	0.313	0.358	0.3184	0.2894	0.2852	0.2402	0.6488	0.388	0.5355		
		0.281	0.2664	0.2849	0.3001	0.3268	0.2816	0.7592	0.2885	0.2599	1.0017	0.3583	0.3012		
		0.2903	0.3578	0.2953	0.2544	0.2588	0.2813	0.671	0.2883	0.2825	1.3004	0.2841	0.311		
		0.4542	0.7738	0.2828	0.2324	0.2814	0.4004	0.2484	0.3074	0.2472	1.5573	0.514	0.3502		
		
42:00	37.00	0.3666	0.2571	0.2437	0.2289	0.3357	0.3099	0.3321	0.2864	0.2984	0.3474	0.2703	0.3398		
		0.2824	0.2461	0.2875	0.2776	0.2869	0.3017	0.3076	0.2605	0.2903	0.3292	0.2962	0.3544		
		0.3616	0.2626	0.2807	0.3326	0.3181	0.4299	0.2688	0.2932	0.3054	0.0449	0.3768	0.3388		
		0.3848	0.2638	0.2821	0.2881	0.3341	0.2604	0.2885	0.3288	0.2837	0.3532	0.3795	0.4337		
		0.2883	0.5193	0.2584	0.3083	0.3535	0.3184	0.2865	0.2828	0.2487	0.6495	0.3877	0.5343		
		0.2802	0.2629	0.2806	0.2997	0.3286	0.2883	0.7712	0.2823	0.2487	1.0024	0.3606	0.2963		
		0.2926	0.3711	0.2937	0.2484	0.2601	0.2778	0.6859	0.2875	0.2877	1.3025	0.2762	0.3073		
		0.4591	0.8043	0.2851	0.2347	0.2806	0.4177	0.2496	0.2931	0.2439	1.5577	0.5177	0.3549		
		
43:00	37.00	0.3724	0.256	0.2406	0.2312	0.3311	0.311	0.3391	0.2845	0.2945	0.3473	0.2687	0.3386		
		0.2789	0.2557	0.2827	0.2735	0.2812	0.3008	0.3012	0.2606	0.2908	0.3322	0.2973	0.3522		
		0.3629	0.277	0.2851	0.3325	0.3121	0.4368	0.2796	0.283	0.3024	0.0452	0.3785	0.3399		
		0.3876	0.2643	0.2846	0.296	0.3329	0.2516	0.2895	0.3305	0.2778	0.3533	0.381	0.434		
		0.2867	0.5256	0.2567	0.306	0.3462	0.3181	0.279	0.2871	0.262	0.6492	0.3859	0.5264		
		0.2817	0.2599	0.2753	0.2995	0.3352	0.2838	0.7857	0.2775	0.2367	1.0033	0.3646	0.2932		
		0.293	0.3789	0.2938	0.2441	0.2574	0.2705	0.6956	0.2908	0.2905	1.3015	0.279	0.3059		
		0.4638	0.8442	0.2864	0.2374	0.2794	0.4162	0.2433	0.2948	0.2433	1.5572	0.5199	0.3603		
		
44:00	37.00	0.3722	0.2566	0.2428	0.233	0.3256	0.3074	0.3443	0.2841	0.2934	0.3508	0.2685	0.341		
		0.2766	0.2653	0.2769	0.2737	0.2769	0.3007	0.2875	0.2566	0.2878	0.3339	0.2939	0.3537		
		0.3664	0.2668	0.2927	0.3407	0.3063	0.4451	0.2896	0.2757	0.3016	0.045	0.3789	0.3393		
		0.3875	0.265	0.2836	0.3041	0.3356	0.2474	0.2861	0.3315	0.2681	0.353	0.3795	0.4356		
		0.2857	0.5312	0.2603	0.2975	0.3377	0.3162	0.2734	0.2872	0.2872	0.6486	0.3869	0.5275		
		0.2809	0.2589	0.2716	0.2967	0.3535	0.2841	0.8039	0.2763	0.2325	1.0042	0.3686	0.2896		
		0.2922	0.3812	0.2918	0.2372	0.2528	0.2614	0.7088	0.2906	0.2982	1.3017	0.2732	0.2991		
		0.4691	0.8539	0.286	0.242	0.2776	0.4172	0.2467	0.2936	0.2423	1.5529	0.5262	0.3677		
		
45:00	37.00	0.3751	0.2567	0.244	0.235	0.3217	0.308	0.3485	0.2833	0.2946	0.35	0.2665	0.3382		
		0.2744	0.2651	0.2735	0.2735	0.2778	0.3025	0.275	0.2639	0.2917	0.3356	0.2936	0.3539		
		0.3656	0.2752	0.2957	0.3575	0.3048	0.457	0.3013	0.2746	0.3018	0.045	0.3787	0.3387		
		0.3924	0.2657	0.2839	0.3153	0.3321	0.2445	0.2858	0.3307	0.2698	0.3529	0.3819	0.438		
		0.2854	0.5378	0.2699	0.2957	0.3357	0.3165	0.2677	0.2942	0.2981	0.6488	0.3865	0.5282		
		0.2801	0.2548	0.2664	0.2956	0.3655	0.2804	0.8307	0.2825	0.2391	1.0032	0.3771	0.2915		
		0.2935	0.3832	0.2891	0.2329	0.2466	0.257	0.7206	0.2891	0.2992	1.2994	0.2781	0.2976		
		0.4739	0.8517	0.2861	0.2464	0.2771	0.4211	0.2486	0.2935	0.2472	1.5548	0.5309	0.3748		
		
46:00	37.00	0.3772	0.2594	0.2463	0.2379	0.3266	0.3083	0.3597	0.284	0.2932	0.3509	0.2636	0.3378		
		0.2739	0.267	0.2753	0.2777	0.2793	0.3031	0.2595	0.2591	0.2976	0.3373	0.2944	0.3557		
		0.3691	0.2828	0.2926	0.3617	0.306	0.46	0.3005	0.2753	0.3007	0.045	0.38	0.3397		
		0.3947	0.2662	0.2844	0.3161	0.3311	0.2492	0.2873	0.332	0.2779	0.3531	0.3796	0.4375		
		0.2851	0.5427	0.2689	0.2973	0.3394	0.3163	0.2631	0.2968	0.2981	0.6486	0.387	0.5261		
		0.2809	0.2646	0.2653	0.2959	0.3688	0.2817	0.8607	0.2862	0.241	1.0034	0.3816	0.2927		
		0.2928	0.3853	0.287	0.2315	0.2428	0.2609	0.7369	0.2891	0.2912	1.2989	0.2773	0.2953		
		0.48	0.8559	0.287	0.2535	0.2778	0.4224	0.2531	0.2932	0.2492	1.5544	0.5332	0.3856		
		
47:00	37.00	0.3824	0.2598	0.2479	0.2413	0.3316	0.3068	0.3624	0.2835	0.2925	0.3529	0.257	0.3376		
		0.2741	0.2659	0.2756	0.2778	0.2785	0.3025	0.2523	0.2593	0.3123	0.3417	0.2953	0.3564		
		0.3706	0.2807	0.2792	0.3597	0.3105	0.464	0.3053	0.2809	0.3016	0.0451	0.379	0.3411		
		0.3964	0.2652	0.2824	0.3149	0.3309	0.2536	0.2865	0.332	0.2869	0.3537	0.3829	0.439		
		0.285	0.5476	0.269	0.296	0.3463	0.3152	0.2628	0.3017	0.2954	0.6495	0.3846	0.533		
		0.2816	0.2667	0.2638	0.295	0.3733	0.2823	0.8931	0.2873	0.2421	1.0037	0.3876	0.2899		
		0.2942	0.3912	0.2859	0.2297	0.2389	0.2684	0.7599	0.2903	0.2902	1.3024	0.2758	0.2924		
		0.4847	0.8629	0.2894	0.2555	0.2765	0.4241	0.2563	0.2913	0.2547	1.5568	0.5384	0.3791		
		
48:00	37.00	0.3829	0.2569	0.2523	0.2486	0.3375	0.309	0.3523	0.2831	0.2916	0.3531	0.2489	0.337		
		0.274	0.2634	0.2815	0.2821	0.2802	0.3024	0.2525	0.2608	0.3164	0.3435	0.2938	0.3575		
		0.3723	0.3043	0.2822	0.3541	0.3208	0.4635	0.3033	0.2823	0.2995	0.0452	0.3794	0.3398		
		0.399	0.2678	0.2803	0.3078	0.3329	0.2581	0.2875	0.3314	0.2881	0.3533	0.3815	0.4404		
		0.2862	0.5534	0.2779	0.298	0.3519	0.3148	0.2663	0.305	0.2931	0.6495	0.3856	0.5357		
		0.2829	0.2713	0.2643	0.293	0.3767	0.2819	0.9097	0.2958	0.2422	1.0046	0.391	0.2946		
		0.2948	0.3933	0.292	0.2332	0.243	0.2718	0.7825	0.2884	0.293	1.3003	0.2781	0.2919		
		0.4897	0.8724	0.2905	0.2675	0.2763	0.4274	0.2599	0.2912	0.2694	1.5602	0.5431	0.3692		
		
49:00	37.00	0.3861	0.2589	0.2666	0.2531	0.3434	0.306	0.3587	0.2823	0.2916	0.3544	0.2435	0.3402		
		0.2732	0.2643	0.2841	0.285	0.2821	0.3017	0.2567	0.2688	0.3151	0.3438	0.2935	0.3543		
		0.391	0.2845	0.288	0.3551	0.3254	0.4678	0.3041	0.2986	0.2991	0.0452	0.3809	0.3394		
		0.4002	0.2677	0.2804	0.2989	0.3305	0.2595	0.2871	0.3326	0.3075	0.3532	0.383	0.4403		
		0.2853	0.5584	0.2869	0.3046	0.3576	0.3145	0.2683	0.313	0.2924	0.6502	0.3834	0.5406		
		0.2832	0.274	0.2616	0.2937	0.3834	0.2843	0.9175	0.3067	0.2609	1.0036	0.395	0.3145		
		0.2965	0.397	0.2942	0.2402	0.2434	0.2778	0.822	0.2883	0.2896	1.3011	0.2767	0.2892		
		0.494	0.8821	0.2913	0.2696	0.2752	0.4318	0.2682	0.2904	0.2832	1.5561	0.5459	0.3727		
		
50:00	37.00	0.3888	0.2594	0.2675	0.2523	0.352	0.3069	0.349	0.2822	0.2905	0.3546	0.2394	0.3404		
		0.2728	0.2671	0.2872	0.2894	0.2853	0.3022	0.2549	0.2724	0.3108	0.3454	0.2926	0.357		
		0.3774	0.283	0.2873	0.3552	0.3304	0.4719	0.3024	0.3086	0.2944	0.0451	0.3831	0.3405		
		0.4038	0.268	0.2814	0.297	0.3316	0.2675	0.2866	0.3328	0.3064	0.3533	0.3821	0.4419		
		0.2849	0.5636	0.2889	0.3078	0.3677	0.3124	0.2719	0.3205	0.2925	0.6494	0.3843	0.5435		
		0.2835	0.2856	0.2677	0.2926	0.3856	0.2825	0.919	0.307	0.281	1.0032	0.3986	0.3287		
		0.296	0.401	0.2966	0.2406	0.2475	0.2855	0.8952	0.2905	0.2888	1.2989	0.2785	0.2918		
		0.5002	0.8918	0.2896	0.2649	0.2747	0.4359	0.2747	0.2894	0.2886	1.553	0.5509	0.3647		
		
51:00	37.00	0.3916	0.2608	0.2676	0.2518	0.3592	0.3082	0.3485	0.2822	0.2904	0.3546	0.2368	0.3404		
		0.2717	0.2688	0.3007	0.2954	0.2909	0.303	0.2841	0.2792	0.3097	0.3494	0.2906	0.3557		
		0.3781	0.285	0.2863	0.3554	0.3353	0.478	0.3014	0.305	0.2958	0.0452	0.3837	0.3421		
		0.4064	0.268	0.2824	0.298	0.3309	0.2782	0.2876	0.3321	0.2984	0.3529	0.3824	0.4429		
		0.2835	0.5691	0.2883	0.3092	0.3727	0.3136	0.2747	0.325	0.2924	0.6493	0.385	0.5482		
		0.2829	0.2855	0.2662	0.2924	0.3898	0.2809	0.9206	0.3047	0.2768	1.0034	0.406	0.3353		
		0.2962	0.4067	0.299	0.2445	0.2494	0.2932	0.9356	0.2904	0.2892	1.2973	0.2896	0.2921		
		0.5047	0.9008	0.2914	0.2566	0.2727	0.4379	0.2738	0.2893	0.2793	1.5517	0.5543	0.3558		
		
52:00	37.00	0.3951	0.2613	0.2629	0.2519	0.3694	0.3059	0.3551	0.2816	0.2899	0.3575	0.2401	0.3373		
		0.2708	0.271	0.3045	0.3026	0.2915	0.3034	0.299	0.2823	0.312	0.3515	0.291	0.3565		
		0.4	0.2918	0.2864	0.3567	0.351	0.4816	0.2997	0.3013	0.296	0.0451	0.3812	0.3411		
		0.4085	0.2691	0.2819	0.296	0.3307	0.284	0.2874	0.3339	0.2996	0.3529	0.3833	0.4442		
		0.284	0.5738	0.2849	0.3103	0.3916	0.312	0.2854	0.3251	0.2923	0.6501	0.3842	0.5526		
		0.2836	0.2873	0.2729	0.2924	0.3936	0.2808	0.9255	0.3089	0.2757	1.0034	0.4117	0.3317		
		0.2973	0.4095	0.3087	0.2651	0.2558	0.2915	0.9423	0.2898	0.29	1.3028	0.2907	0.3019		
		0.51	0.9098	0.2914	0.2561	0.2722	0.4426	0.2705	0.2875	0.2766	1.5569	0.5581	0.3491		
		
53:00	37.00	0.398	0.2604	0.262	0.2482	0.3712	0.3079	0.3548	0.2811	0.2885	0.3563	0.2421	0.3407		
		0.2715	0.2694	0.3036	0.305	0.3018	0.3038	0.3003	0.2812	0.3118	0.3528	0.2897	0.3557		
		0.3855	0.2905	0.2879	0.3594	0.3447	0.488	0.2998	0.3002	0.295	0.0452	0.3812	0.3405		
		0.4129	0.2693	0.2837	0.2966	0.3304	0.2764	0.2877	0.3344	0.3008	0.3538	0.3842	0.446		
		0.284	0.5805	0.2887	0.3212	0.4141	0.3118	0.2933	0.3267	0.292	0.6502	0.3854	0.5548		
		0.2835	0.2853	0.2738	0.2907	0.3969	0.2816	0.9344	0.3079	0.2753	1.003	0.4114	0.3287		
		0.2973	0.4196	0.3154	0.2727	0.2643	0.2903	0.9465	0.2909	0.2894	1.2988	0.2959	0.3064		
		0.5144	0.9178	0.2916	0.2597	0.2722	0.4481	0.2693	0.2867	0.2788	1.5565	0.5617	0.3455		
		
54:00	37.00	0.4004	0.2619	0.2623	0.2463	0.3672	0.3048	0.3571	0.28	0.2882	0.3572	0.2508	0.3402		
		0.2708	0.2702	0.3059	0.3135	0.3178	0.3035	0.2951	0.2837	0.3105	0.3551	0.288	0.3576		
		0.3863	0.3073	0.2901	0.3606	0.3446	0.4927	0.2991	0.303	0.2947	0.0452	0.3822	0.3416		
		0.4141	0.2697	0.284	0.2968	0.3309	0.2741	0.2886	0.3344	0.2996	0.3526	0.3862	0.4456		
		0.2836	0.5848	0.2877	0.3334	0.4329	0.3105	0.2906	0.3263	0.2924	0.6506	0.3856	0.5579		
		0.2833	0.2831	0.2785	0.291	0.4002	0.2817	0.9437	0.3086	0.2768	1.0028	0.406	0.3221		
		0.2974	0.4167	0.3179	0.2715	0.2661	0.2923	0.9496	0.2893	0.2873	1.2975	0.3155	0.3198		
		0.5197	0.9245	0.2929	0.2595	0.272	0.4497	0.2692	0.287	0.2762	1.5579	0.5666	0.347		
		
55:00	37.00	0.4053	0.2601	0.2635	0.2504	0.3694	0.3065	0.3573	0.2807	0.2883	0.3586	0.2572	0.3424		
		0.2718	0.2714	0.307	0.3283	0.3161	0.3042	0.2973	0.2867	0.3125	0.356	0.2886	0.3576		
		0.4019	0.2888	0.2901	0.3624	0.3399	0.4997	0.2983	0.3039	0.2938	0.0452	0.3837	0.342		
		0.4166	0.2711	0.282	0.298	0.3323	0.2786	0.2895	0.3356	0.2994	0.3529	0.388	0.4499		
		0.2835	0.5901	0.2922	0.34	0.4323	0.3111	0.2877	0.3283	0.2917	0.6509	0.3852	0.5619		
		0.2869	0.2831	0.2924	0.2903	0.4048	0.2807	0.9511	0.3086	0.275	1.0041	0.3991	0.3225		
		0.2983	0.4203	0.3172	0.2669	0.2639	0.2901	0.9588	0.2916	0.2867	1.3009	0.3313	0.3399		
		0.5255	0.9306	0.2943	0.2585	0.2715	0.4561	0.2691	0.2861	0.2779	1.5559	0.5717	0.3459		
		
56:00	37.00	0.4079	0.2634	0.2628	0.248	0.3692	0.3054	0.3589	0.2798	0.2877	0.3604	0.2687	0.3392		
		0.2717	0.2712	0.3067	0.3264	0.3137	0.3032	0.2955	0.2854	0.3116	0.3583	0.29	0.357		
		0.391	0.2904	0.2893	0.3644	0.3337	0.5026	0.2985	0.3044	0.2932	0.0452	0.3817	0.3424		
		0.4183	0.2697	0.2826	0.2968	0.3318	0.2768	0.2903	0.3352	0.2988	0.3532	0.3877	0.4484		
		0.2827	0.5967	0.2871	0.3365	0.4293	0.3101	0.2951	0.3297	0.2933	0.65	0.3845	0.5671		
		0.2834	0.283	0.2902	0.2887	0.4077	0.2818	0.9587	0.3078	0.2733	1.0024	0.3912	0.3233		
		0.2999	0.4288	0.3174	0.2666	0.2639	0.2891	0.9697	0.2909	0.288	1.2967	0.3506	0.3663		
		0.5305	0.9375	0.2938	0.2589	0.2711	0.4571	0.2691	0.2862	0.277	1.5543	0.5757	0.3473		
		
57:00	37.00	0.4111	0.2649	0.2651	0.2488	0.368	0.305	0.3604	0.2804	0.2877	0.3595	0.2753	0.3411		
		0.2713	0.2717	0.3075	0.322	0.3107	0.3031	0.2948	0.2876	0.3121	0.3604	0.2889	0.3578		
		0.394	0.2891	0.2901	0.3655	0.3371	0.5105	0.2972	0.3039	0.2944	0.0451	0.3861	0.3419		
		0.4221	0.2707	0.2832	0.2978	0.3313	0.2731	0.2904	0.3363	0.2986	0.3529	0.385	0.4484		
		0.2824	0.6016	0.292	0.3346	0.4308	0.309	0.2946	0.3306	0.2921	0.6509	0.3859	0.5679		
		0.2878	0.2818	0.2953	0.29	0.4109	0.2815	0.9671	0.3065	0.2736	1.0027	0.3932	0.3181		
		0.3009	0.4285	0.3158	0.2665	0.2631	0.2889	0.9791	0.2912	0.2871	1.2969	0.3582	0.3713		
		0.535	0.9433	0.2965	0.2572	0.2711	0.4609	0.2675	0.2854	0.2747	1.5565	0.58	0.3452		
		
58:00	37.00	0.414	0.2658	0.2636	0.2486	0.3725	0.3068	0.3613	0.2802	0.2866	0.3618	0.2782	0.3427		
		0.2712	0.2722	0.3086	0.319	0.3112	0.304	0.2932	0.289	0.3121	0.3625	0.2893	0.3587		
		0.4102	0.2902	0.2892	0.3668	0.3349	0.5163	0.2974	0.3038	0.2929	0.0454	0.3839	0.3428		
		0.4241	0.2731	0.2824	0.2991	0.3322	0.273	0.2912	0.3367	0.2977	0.353	0.3884	0.4518		
		0.2831	0.6066	0.2901	0.3395	0.4327	0.3086	0.2951	0.3345	0.2937	0.6518	0.3864	0.5718		
		0.288	0.2824	0.2967	0.2894	0.4157	0.2818	0.973	0.3093	0.2714	1.0041	0.3949	0.3185		
		0.3008	0.4326	0.3189	0.2681	0.2633	0.2887	0.9901	0.2921	0.2876	1.2986	0.3603	0.3706		
		0.5402	0.9502	0.3008	0.2608	0.2699	0.466	0.2681	0.2857	0.2743	1.5611	0.583	0.3472		
		
59:00	37.00	0.4181	0.2659	0.2633	0.2486	0.3731	0.3053	0.3637	0.2795	0.2878	0.3622	0.2716	0.3395		
		0.2707	0.2717	0.3065	0.3144	0.3093	0.304	0.2931	0.289	0.3116	0.3658	0.2885	0.3585		
		0.4124	0.292	0.2902	0.37	0.3339	0.5204	0.2961	0.3028	0.2922	0.0453	0.384	0.3429		
		0.4287	0.2728	0.2825	0.2987	0.3336	0.276	0.2923	0.3371	0.2978	0.3529	0.3852	0.4536		
		0.2826	0.6122	0.2931	0.3435	0.436	0.3081	0.2946	0.3341	0.2935	0.6508	0.3859	0.5769		
		0.2879	0.2829	0.2906	0.2889	0.4205	0.2843	0.9799	0.3095	0.271	1.0033	0.3962	0.3161		
		0.3036	0.4377	0.3199	0.2667	0.2647	0.2886	0.9972	0.2929	0.2871	1.2967	0.3562	0.3624		
		0.5449	0.9532	0.2997	0.2593	0.2692	0.4684	0.2671	0.2846	0.2749	1.556	0.5894	0.3455		
		
1:00:00	37.00	0.4219	0.2653	0.2634	0.2505	0.3743	0.308	0.3641	0.2808	0.287	0.3624	0.2739	0.3415		
		0.2713	0.2734	0.3062	0.3157	0.3114	0.3041	0.2914	0.2904	0.3124	0.3666	0.2888	0.3613		
		0.4213	0.2963	0.2943	0.3713	0.3355	0.5296	0.2955	0.305	0.293	0.0456	0.3873	0.3448		
		0.4306	0.2727	0.283	0.2994	0.3338	0.2747	0.2906	0.3396	0.2973	0.3529	0.3868	0.453		
		0.2823	0.6194	0.2951	0.3415	0.4401	0.3091	0.2941	0.3371	0.2936	0.6516	0.3876	0.5825		
		0.2879	0.2836	0.29	0.2888	0.4259	0.2833	0.985	0.3072	0.2707	1.0045	0.3965	0.3158		
		0.3046	0.4428	0.3215	0.2687	0.2669	0.2888	1.0069	0.2935	0.2887	1.2968	0.3518	0.3607		
		0.5512	0.9582	0.299	0.2605	0.2685	0.4736	0.2687	0.2849	0.275	1.5555	0.5919	0.3485		
		
Time(hh:mm:ss)	Temperature(¡C)	1	2	3	4	5	6	7	8	9	10	11	12		
		2.064521	-0.199249	-0.271429	-0.271835	1.337552	0.101338	1.213437	-0.71376	-0.241824	0.778165	-0.200254	0.490434	
		-0.62619	0.265272	0.12183	0.640994	-0.015077	0.377324	0.033784	0.486473	0.139371	2.015093	-0.431111	0.681338	
		2.017282	0.399127	0.246891	0.715806	0.294897	4.26753	-0.174553	0.130703	-0.257044	0.016565	0.775542	0.594003	
		2.312263	0.128456	-0.253517	0.153934	0.294892	0.01868	0.286563	0.835653	-0.234818	NoFit	0.555431	1.324601	
		-0.671613	5.86028	0.321169	0.573384	1.985193	-0.221639	-0.159778	1.456642	0.191259	NoFit	0.421592	4.148355	
		-0.208667	-0.381158	-0.670985	-0.509138	2.087382	0.07092	11.384923	0.035843	-0.198218	NoFit	1.179212	-0.340561	
		0.110238	2.785071	0.354146	0.009831	-0.1111	-0.332361	12.06542	0.191861	-0.208657	NoFit	-0.492551	-0.292967	
		4.868614	11.933051	0.457007	0.108471	-0.732575	2.735172	-0.50385	-0.598879	-0.873023	0.3	4.549767	0.189371	
~End
Group:	Standards	1
Sample	Concentration	Wells	BackConcCalc	Values	MeanValue	Std.Dev.	CV%

Smallest standard value:  

Largest standard value:  

~End
Group:	Controls	1
Sample	Wells	Sample#	Values	MeanValue

~End
Group:	Samples	1
Sample	Wells	Values	Outliers	Result	MeanResult	Std.Dev.	CV%

Outlier - Outside standard range  

~End
