##BLOCKS= 4          
Plate:	Plate#1	1.1	PlateFormat	Kinetic	Absorbance	Raw	FALSE	61	3600	60				1	410	1	12	96	
Time(hh:mm:ss)	Temperature(¡C)	1	2	3	4	5	6	7	8	9	10	11	12		
0:00	37.00	0.2803	0.2626	0.2497	0.2399	0.2984	0.2714	0.2687	0.2564	0.239	0.2571	0.2244	0.2672		
		0.2583	0.2499	0.2642	0.2304	0.2926	0.2712	0.2671	0.2278	0.2407	0.2643	0.2358	0.2658		
		0.2519	0.2598	0.2327	0.2645	0.2942	0.2614	0.2684	0.2449	0.268	0.0444	0.2826	0.0532		
		0.2415	0.2529	0.2632	0.2444	0.2926	0.2861	0.2391	0.233	0.2582	0.3648	0.2954	0.0537		
		0.2576	0.2714	0.247	0.2552	0.2826	0.2983	0.2472	0.2245	0.202	0.6821	0.2711	0.0537		
		0.2388	0.208	0.2593	0.2485	0.28	0.2676	0.3104	0.2491	0.2301	1.0034	0.2527	0.0541		
		0.2486	0.2578	0.2758	0.2626	0.2725	0.2522	0.2729	0.251	0.2502	1.3017	0.2596	0.0538		
		0.253	0.3253	0.2731	0.2429	0.274	0.2613	0.2598	0.2678	0.2428	1.573	0.253	0.0569		
		
1:00	37.00	0.2793	0.2726	0.2548	0.2521	0.3109	0.2867	0.2955	0.2674	0.2627	0.289	0.2565	0.2824		
		0.2692	0.2586	0.2795	0.2362	0.3088	0.288	0.2858	0.2434	0.2526	0.2854	0.2585	0.2798		
		0.2685	0.2701	0.2437	0.2849	0.3028	0.2767	0.2902	0.264	0.2902	0.0443	0.299	0.0531		
		0.2548	0.268	0.28	0.2569	0.3069	0.2983	0.2568	0.2514	0.2823	0.3644	0.3041	0.0537		
		0.2673	0.2777	0.2552	0.2744	0.2975	0.3112	0.2616	0.2389	0.2182	0.6811	0.2821	0.0538		
		0.2594	0.2523	0.2709	0.2574	0.2935	0.2786	0.3395	0.261	0.2489	1.0025	0.2658	0.054		
		0.2583	0.2731	0.2879	0.2757	0.2867	0.2656	0.2924	0.2642	0.2642	1.3008	0.2692	0.0536		
		0.2598	0.3665	0.2832	0.2532	0.2826	0.2731	0.2781	0.2812	0.2633	1.5722	0.2619	0.057		
		
2:00	37.00	0.2839	0.2766	0.2587	0.2574	0.3178	0.2967	0.3055	0.2779	0.2705	0.3033	0.2694	0.2931		
		0.2766	0.2641	0.2853	0.2441	0.3142	0.2921	0.2947	0.2499	0.2629	0.2878	0.2712	0.2868		
		0.2772	0.2745	0.2477	0.2936	0.3079	0.2882	0.3011	0.2687	0.297	0.0444	0.3005	0.0531		
		0.2623	0.2733	0.2813	0.26	0.3143	0.3089	0.266	0.2617	0.2943	0.3642	0.3084	0.0537		
		0.2752	0.2884	0.2613	0.2824	0.3077	0.3143	0.2686	0.2491	0.2293	0.6811	0.2922	0.0537		
		0.2619	0.2569	0.274	0.2655	0.3032	0.2841	0.3558	0.2682	0.255	1.0027	0.2718	0.054		
		0.2484	0.2799	0.2948	0.281	0.2836	0.2712	0.3079	0.2727	0.2732	1.3019	0.2801	0.054		
		0.2709	0.4043	0.2874	0.2584	0.2866	0.2836	0.2862	0.2899	0.2725	1.5745	0.2695	0.0569		
		
3:00	37.00	0.2892	0.2779	0.2625	0.2591	0.3182	0.3022	0.3113	0.2822	0.277	0.3094	0.2774	0.3		
		0.278	0.2668	0.2865	0.2466	0.3182	0.296	0.3013	0.2558	0.2687	0.2909	0.2794	0.2914		
		0.2821	0.2776	0.249	0.2992	0.3133	0.2982	0.3074	0.2749	0.3022	0.0443	0.319	0.0531		
		0.2734	0.2734	0.2828	0.2637	0.3176	0.3004	0.2714	0.2678	0.3028	0.3638	0.3127	0.0536		
		0.2783	0.3015	0.2648	0.2885	0.3128	0.3216	0.2753	0.2534	0.2343	0.6801	0.2974	0.0537		
		0.2653	0.2596	0.2766	0.2693	0.3131	0.2879	0.3678	0.2737	0.2605	1.0018	0.2756	0.054		
		0.2518	0.2844	0.2971	0.2794	0.2905	0.2756	0.3163	0.2787	0.2766	1.3004	0.2867	0.0536		
		0.2759	0.4428	0.285	0.261	0.2926	0.2939	0.2917	0.2926	0.2754	1.5728	0.2761	0.0569		
		
4:00	37.00	0.2926	0.2794	0.2662	0.2615	0.3209	0.3028	0.3146	0.2878	0.2799	0.3124	0.2779	0.3058		
		0.2778	0.27	0.2895	0.2489	0.3218	0.298	0.3057	0.26	0.2727	0.2901	0.2823	0.2966		
		0.2876	0.2795	0.249	0.3079	0.3155	0.3023	0.3098	0.2803	0.3057	0.0444	0.3073	0.0531		
		0.2754	0.2745	0.283	0.2662	0.3209	0.3042	0.2749	0.2733	0.3013	0.3637	0.3136	0.0536		
		0.2785	0.3205	0.2667	0.2936	0.3183	0.3281	0.2806	0.2593	0.2391	0.6798	0.3017	0.0536		
		0.2675	0.263	0.2795	0.2731	0.3217	0.2908	0.3843	0.2779	0.264	1.0015	0.278	0.0539		
		0.2534	0.2885	0.3009	0.2807	0.2913	0.282	0.3257	0.2828	0.2793	1.2994	0.292	0.0538		
		0.2842	0.4934	0.2851	0.2632	0.2946	0.2984	0.2945	0.2967	0.2808	1.5723	0.2806	0.0568		
		
5:00	37.00	0.2961	0.2808	0.2671	0.2621	0.325	0.3044	0.3169	0.2909	0.281	0.3157	0.2793	0.3089		
		0.2807	0.2711	0.2943	0.2538	0.3234	0.2994	0.3086	0.2632	0.2763	0.2914	0.287	0.3011		
		0.2921	0.2785	0.2552	0.3173	0.3166	0.3073	0.3113	0.2821	0.3069	0.0444	0.3071	0.0531		
		0.2813	0.2746	0.2849	0.2683	0.3224	0.3057	0.2741	0.2778	0.3028	0.3632	0.3181	0.0536		
		0.2764	0.3359	0.2683	0.297	0.324	0.3273	0.2827	0.2641	0.2435	0.679	0.3041	0.0537		
		0.2687	0.2656	0.2828	0.2746	0.3285	0.2925	0.3968	0.281	0.2667	1.0008	0.2798	0.0539		
		0.2562	0.2923	0.3063	0.2812	0.2924	0.285	0.3369	0.2842	0.2805	1.299	0.2948	0.0536		
		0.2896	0.5483	0.2854	0.2646	0.2964	0.3045	0.2976	0.2992	0.2838	1.571	0.2833	0.0569		
		
6:00	37.00	0.2989	0.2814	0.2658	0.2637	0.3237	0.3075	0.3192	0.2939	0.2817	0.3144	0.2791	0.3104		
		0.2812	0.2707	0.2969	0.2568	0.3226	0.2998	0.3088	0.2651	0.2786	0.2904	0.2902	0.301		
		0.2974	0.28	0.2507	0.3236	0.3175	0.31	0.3121	0.2842	0.3083	0.0443	0.3192	0.0531		
		0.2889	0.2749	0.287	0.2716	0.3231	0.305	0.276	0.2814	0.3022	0.363	0.319	0.0536		
		0.2801	0.3539	0.2707	0.3021	0.3241	0.3277	0.2835	0.2687	0.2476	0.679	0.3055	0.0536		
		0.2676	0.2697	0.2853	0.2777	0.335	0.2917	0.4077	0.2845	0.2685	1.0006	0.2825	0.054		
		0.2584	0.2958	0.3096	0.2817	0.29	0.2875	0.3466	0.2868	0.2807	1.2995	0.297	0.0537		
		0.2974	0.6022	0.2857	0.2647	0.2976	0.3109	0.2982	0.3016	0.2862	1.5713	0.2843	0.0569		
		
7:00	37.00	0.3038	0.2825	0.2645	0.2644	0.3235	0.3077	0.3214	0.2949	0.2823	0.3171	0.2806	0.3138		
		0.2818	0.272	0.2975	0.2574	0.3235	0.3	0.3108	0.2666	0.2812	0.2903	0.2908	0.3026		
		0.3023	0.2813	0.2551	0.3285	0.3168	0.3157	0.3116	0.2868	0.3095	0.0442	0.3095	0.053		
		0.2931	0.2757	0.2857	0.2713	0.3248	0.3058	0.2766	0.285	0.3036	0.3628	0.3193	0.0537		
		0.2845	0.3728	0.2712	0.3074	0.3298	0.3285	0.2836	0.2731	0.2505	0.6782	0.3063	0.0535		
		0.2682	0.2719	0.2867	0.2784	0.3399	0.291	0.4198	0.2873	0.2688	0.9999	0.2824	0.0539		
		0.2633	0.2991	0.312	0.2808	0.2914	0.2893	0.356	0.2895	0.2822	1.2991	0.296	0.0537		
		0.3068	0.658	0.2864	0.2668	0.2983	0.3175	0.3009	0.3027	0.2883	1.5718	0.2855	0.0568		
		
8:00	37.00	0.3074	0.2829	0.2667	0.2659	0.3265	0.307	0.3237	0.2972	0.2825	0.3188	0.2787	0.3165		
		0.2808	0.2731	0.2999	0.2597	0.3244	0.3004	0.3118	0.2689	0.2829	0.2909	0.2915	0.3036		
		0.3089	0.2815	0.2523	0.3378	0.318	0.3219	0.3105	0.2874	0.3081	0.0444	0.3137	0.0531		
		0.3022	0.2759	0.2854	0.274	0.3243	0.304	0.2785	0.2885	0.303	0.3626	0.3183	0.0535		
		0.2803	0.3921	0.2721	0.3127	0.3353	0.3242	0.2854	0.2789	0.2539	0.6779	0.3062	0.0536		
		0.2684	0.2718	0.2886	0.281	0.3439	0.292	0.432	0.2902	0.2712	0.9997	0.2825	0.0539		
		0.2628	0.3012	0.3138	0.2802	0.2902	0.2914	0.3671	0.2911	0.283	1.2982	0.2972	0.0537		
		0.3224	0.7153	0.2867	0.2683	0.2985	0.327	0.2985	0.3051	0.2883	1.572	0.2854	0.0568		
		
9:00	37.00	0.3125	0.2831	0.268	0.2674	0.3297	0.3072	0.3267	0.2982	0.2839	0.3216	0.277	0.3174		
		0.2828	0.2752	0.3015	0.2608	0.3249	0.3007	0.3132	0.2722	0.2849	0.2902	0.2907	0.3039		
		0.3159	0.2806	0.2547	0.3459	0.3187	0.3297	0.3124	0.2887	0.307	0.0444	0.31	0.0529		
		0.3106	0.277	0.2835	0.2755	0.3233	0.3044	0.2794	0.2905	0.303	0.3621	0.3172	0.0535		
		0.2822	0.4114	0.2735	0.317	0.3383	0.3266	0.2871	0.2828	0.2576	0.6771	0.3087	0.0536		
		0.2728	0.2728	0.2911	0.2818	0.3504	0.2908	0.4464	0.2919	0.2722	0.9986	0.2848	0.0538		
		0.2725	0.3049	0.3223	0.2806	0.2891	0.2925	0.3786	0.2931	0.2871	1.2961	0.2975	0.0538		
		0.3325	0.7738	0.2883	0.2677	0.2977	0.3347	0.3009	0.3064	0.2909	1.5692	0.2875	0.0568		
		
10:00	37.00	0.3159	0.2847	0.2698	0.2696	0.3339	0.3052	0.329	0.2989	0.2861	0.3228	0.279	0.3171		
		0.2828	0.2769	0.3027	0.2638	0.3219	0.3015	0.3137	0.2735	0.2876	0.2906	0.2922	0.3034		
		0.3223	0.2814	0.2526	0.3543	0.3191	0.3345	0.3129	0.2888	0.3086	0.0444	0.3082	0.0531		
		0.3204	0.2782	0.2818	0.2774	0.3244	0.3012	0.2798	0.2944	0.3018	0.3618	0.3163	0.0534		
		0.2852	0.432	0.2739	0.3224	0.3432	0.3269	0.2883	0.2872	0.2615	0.6767	0.3055	0.0536		
		0.271	0.2756	0.2928	0.2844	0.3559	0.2899	0.4594	0.2954	0.2739	0.9981	0.2847	0.0539		
		0.2744	0.3086	0.3262	0.2813	0.2897	0.2939	0.3892	0.2952	0.2872	1.2961	0.2956	0.0539		
		0.3363	0.8292	0.2893	0.2674	0.2967	0.3414	0.3	0.307	0.2928	1.5684	0.2858	0.0569		
		
11:00	37.00	0.3216	0.2849	0.2723	0.2701	0.3364	0.3044	0.3296	0.2994	0.2863	0.3221	0.2806	0.3169		
		0.2863	0.2789	0.3056	0.2676	0.3212	0.3022	0.312	0.2739	0.2892	0.2913	0.2925	0.3018		
		0.3292	0.2801	0.2594	0.3613	0.3188	0.3373	0.3142	0.2895	0.307	0.0443	0.3069	0.053		
		0.3288	0.2775	0.2809	0.2799	0.3243	0.3003	0.28	0.2992	0.3026	0.3616	0.3161	0.0536		
		0.2837	0.4516	0.2762	0.3282	0.3444	0.3257	0.2892	0.2924	0.2641	0.6764	0.3027	0.0536		
		0.2736	0.2788	0.2949	0.2833	0.3611	0.2894	0.4702	0.2989	0.2747	0.9982	0.2854	0.0539		
		0.2769	0.3116	0.3291	0.2808	0.2894	0.2942	0.4041	0.2972	0.2883	1.2964	0.2938	0.0537		
		0.3502	0.884	0.2911	0.2675	0.2962	0.3496	0.3022	0.3077	0.2926	1.5684	0.2839	0.0567		
		
12:00	37.00	0.3276	0.2871	0.2751	0.2727	0.3411	0.3033	0.3268	0.2998	0.2875	0.3208	0.281	0.3226		
		0.288	0.2789	0.3076	0.2729	0.3214	0.3019	0.3133	0.2764	0.2899	0.2927	0.2931	0.3009		
		0.336	0.2826	0.2529	0.3708	0.3175	0.3422	0.3133	0.2908	0.3066	0.0443	0.3064	0.0531		
		0.3368	0.2806	0.2811	0.2809	0.3244	0.3016	0.2821	0.3015	0.3019	0.3613	0.314	0.0536		
		0.2835	0.474	0.2782	0.3337	0.3486	0.3245	0.2898	0.3002	0.2687	0.6755	0.3011	0.0536		
		0.2757	0.286	0.2961	0.2861	0.3636	0.2904	0.4853	0.3015	0.2775	0.9973	0.2848	0.0539		
		0.2834	0.3158	0.3325	0.2813	0.2885	0.2971	0.4169	0.2989	0.2892	1.2951	0.295	0.0537		
		0.3561	0.9451	0.2949	0.2694	0.2969	0.3585	0.3029	0.3104	0.2946	1.5687	0.2843	0.0568		
		
13:00	37.00	0.3312	0.2883	0.2742	0.2728	0.3452	0.3023	0.3292	0.2989	0.2868	0.3193	0.2803	0.3204		
		0.2884	0.2798	0.3085	0.2755	0.3198	0.2993	0.3136	0.2779	0.2896	0.2945	0.2944	0.298		
		0.3434	0.2826	0.2569	0.3777	0.3176	0.346	0.3121	0.2923	0.3031	0.0442	0.3027	0.053		
		0.3404	0.281	0.2806	0.2836	0.3243	0.3049	0.282	0.3038	0.3012	0.3615	0.3117	0.0535		
		0.2859	0.4944	0.278	0.3396	0.3555	0.3214	0.2912	0.3037	0.2715	0.6755	0.2986	0.0536		
		0.2776	0.2882	0.2982	0.288	0.3697	0.2899	0.4955	0.3051	0.2788	0.9975	0.286	0.0539		
		0.2975	0.3199	0.3395	0.2829	0.2909	0.2982	0.429	0.3002	0.2902	1.2968	0.2893	0.0536		
		0.3693	1.0039	0.2959	0.2732	0.2972	0.3673	0.3018	0.3112	0.2962	1.5672	0.2837	0.0568		
		
14:00	37.00	0.3364	0.2894	0.2746	0.2754	0.35	0.3023	0.3324	0.3022	0.2881	0.3195	0.2812	0.3219		
		0.2869	0.2807	0.3107	0.2768	0.3196	0.2998	0.3138	0.2811	0.2898	0.2964	0.2949	0.2947		
		0.3568	0.2859	0.2585	0.3893	0.3186	0.3548	0.3129	0.2939	0.304	0.0444	0.3134	0.0531		
		0.3479	0.2825	0.2813	0.2853	0.3243	0.3049	0.2829	0.3082	0.3004	0.3611	0.3089	0.0536		
		0.2914	0.5161	0.2796	0.3453	0.3601	0.3204	0.2931	0.3085	0.2749	0.6743	0.2985	0.0535		
		0.2808	0.2903	0.3004	0.2898	0.3737	0.2928	0.5088	0.3087	0.281	0.9968	0.2859	0.0538		
		0.2972	0.3236	0.3466	0.2854	0.2955	0.3003	0.4453	0.3026	0.292	1.2944	0.2876	0.0537		
		0.3687	1.0597	0.298	0.2765	0.2984	0.3753	0.3039	0.3138	0.2962	1.567	0.2838	0.0569		
		
15:00	37.00	0.3455	0.291	0.2737	0.2768	0.3595	0.3032	0.3333	0.3043	0.2899	0.3204	0.2835	0.3215		
		0.2918	0.2815	0.3125	0.2803	0.3203	0.2994	0.3146	0.2825	0.2908	0.2983	0.2963	0.2966		
		0.3623	0.2889	0.262	0.399	0.3196	0.361	0.3121	0.2959	0.3046	0.0444	0.3027	0.0532		
		0.3613	0.2836	0.2825	0.2877	0.3242	0.3015	0.2849	0.3116	0.3009	0.3608	0.3051	0.0535		
		0.302	0.5362	0.2843	0.3503	0.3644	0.3213	0.2948	0.3173	0.2778	0.674	0.2987	0.0536		
		0.2825	0.2911	0.3018	0.2922	0.3806	0.2942	0.5231	0.3131	0.2829	0.9965	0.2856	0.0539		
		0.2929	0.3277	0.3522	0.2827	0.2939	0.3016	0.46	0.3053	0.294	1.2935	0.2857	0.0537		
		0.3812	1.1107	0.3005	0.2775	0.2949	0.3854	0.3038	0.3167	0.2986	1.5657	0.2834	0.0568		
		
16:00	37.00	0.3484	0.2942	0.274	0.2784	0.3652	0.3042	0.3349	0.3059	0.2895	0.3225	0.2861	0.3203		
		0.2993	0.2831	0.3144	0.286	0.32	0.3003	0.3129	0.2871	0.2928	0.2999	0.2978	0.296		
		0.3696	0.2898	0.2618	0.4021	0.3191	0.3684	0.3112	0.2963	0.3057	0.0442	0.3067	0.053		
		0.367	0.2863	0.2831	0.2909	0.3283	0.3081	0.2883	0.3155	0.3009	0.3609	0.3021	0.0535		
		0.2948	0.5589	0.2866	0.3566	0.3723	0.3225	0.2958	0.3224	0.2795	0.6743	0.2989	0.0535		
		0.2848	0.2952	0.3035	0.2951	0.3886	0.2948	0.5358	0.317	0.2854	0.9966	0.2848	0.0538		
		0.2966	0.3317	0.3569	0.2839	0.2972	0.3027	0.4759	0.3084	0.2964	1.2939	0.2847	0.0538		
		0.3921	1.1522	0.3022	0.2792	0.2941	0.3911	0.3047	0.3187	0.3001	1.5663	0.281	0.0569		
		
17:00	37.00	0.3518	0.2967	0.2743	0.2806	0.3732	0.307	0.3355	0.3067	0.2913	0.3258	0.2872	0.3201		
		0.297	0.2848	0.3154	0.2874	0.3232	0.3017	0.3132	0.2908	0.2944	0.3031	0.2987	0.2975		
		0.3738	0.2931	0.2682	0.4006	0.3226	0.375	0.3101	0.2983	0.3056	0.0443	0.3035	0.053		
		0.3759	0.2882	0.2819	0.2955	0.3294	0.3059	0.289	0.3182	0.3021	0.3606	0.3017	0.0534		
		0.2968	0.5789	0.2891	0.3625	0.3775	0.3235	0.2956	0.3282	0.2774	0.6739	0.2992	0.0535		
		0.2822	0.3007	0.3066	0.2982	0.395	0.2964	0.5482	0.3217	0.2879	0.9969	0.2864	0.0539		
		0.2974	0.3364	0.3614	0.2855	0.2965	0.305	0.4917	0.3107	0.2968	1.2945	0.2831	0.0537		
		0.3992	1.1834	0.3037	0.2818	0.2928	0.4029	0.3062	0.3202	0.3007	1.5667	0.2801	0.0569		
		
18:00	37.00	0.3591	0.3006	0.2763	0.2838	0.3797	0.3104	0.3424	0.3088	0.2928	0.3273	0.2865	0.3198		
		0.2937	0.2869	0.3197	0.2928	0.3257	0.3051	0.312	0.2928	0.2983	0.3059	0.2994	0.2959		
		0.3812	0.2958	0.2656	0.3964	0.3249	0.3864	0.3098	0.3008	0.3059	0.0443	0.2969	0.0531		
		0.3822	0.2914	0.2855	0.2999	0.3313	0.3073	0.2912	0.3242	0.3061	0.3605	0.3021	0.0535		
		0.293	0.5993	0.2924	0.371	0.385	0.3247	0.2983	0.3372	0.2823	0.6734	0.2973	0.0536		
		0.2933	0.3026	0.3098	0.3009	0.4039	0.2971	0.5608	0.3259	0.2904	0.9962	0.2852	0.0539		
		0.3062	0.3415	0.3718	0.2854	0.2986	0.3069	0.5087	0.3146	0.299	1.293	0.2772	0.0537		
		0.4127	1.201	0.3082	0.2854	0.2933	0.4121	0.3071	0.3231	0.3027	1.5662	0.2802	0.0568		
		
19:00	37.00	0.3664	0.3016	0.2759	0.2858	0.3871	0.3137	0.344	0.3099	0.2951	0.3302	0.2858	0.3195		
		0.3	0.2885	0.3208	0.2973	0.3275	0.303	0.3106	0.2949	0.3018	0.3075	0.3004	0.2957		
		0.3954	0.2971	0.2709	0.3989	0.3269	0.3911	0.3104	0.3026	0.3077	0.0446	0.3142	0.0532		
		0.3935	0.2929	0.2864	0.3028	0.3322	0.3112	0.2935	0.3276	0.3073	0.36	0.3026	0.0536		
		0.2968	0.6206	0.2947	0.377	0.3898	0.3273	0.2994	0.3431	0.2908	0.6723	0.2951	0.0536		
		0.2905	0.3048	0.3135	0.3059	0.4095	0.3006	0.5738	0.3311	0.2936	0.9956	0.2874	0.0538		
		0.3036	0.3456	0.3784	0.2877	0.2967	0.3099	0.524	0.3155	0.3015	1.2918	0.2874	0.0537		
		0.4285	1.2129	0.306	0.2885	0.2943	0.4183	0.3107	0.3252	0.3044	1.5652	0.2797	0.0568		
		
20:00	37.00	0.3714	0.3039	0.2785	0.2886	0.3941	0.3189	0.3515	0.3123	0.2968	0.3347	0.288	0.3187		
		0.2976	0.2915	0.3239	0.3008	0.33	0.3073	0.3107	0.2991	0.3056	0.3104	0.302	0.2971		
		0.4015	0.3011	0.2716	0.4097	0.3317	0.4002	0.3134	0.3049	0.3095	0.0444	0.3079	0.0531		
		0.3993	0.2945	0.2897	0.3006	0.3359	0.3091	0.2965	0.3321	0.3108	0.3599	0.3035	0.0536		
		0.3013	0.6391	0.2975	0.383	0.3967	0.3287	0.3014	0.3481	0.2968	0.672	0.2921	0.0536		
		0.2994	0.3078	0.3175	0.3057	0.4181	0.304	0.5796	0.3353	0.2958	0.9955	0.2891	0.0539		
		0.3065	0.3507	0.3839	0.2891	0.2991	0.3112	0.5407	0.3191	0.3023	1.2921	0.2865	0.0537		
		0.4387	1.2128	0.306	0.2918	0.2971	0.4233	0.3088	0.3265	0.3061	1.5651	0.2763	0.0569		
		
21:00	37.00	0.3788	0.3021	0.2794	0.2903	0.4031	0.3213	0.3545	0.3155	0.3004	0.3383	0.2905	0.3204		
		0.2996	0.2947	0.3289	0.3036	0.332	0.3071	0.3121	0.3016	0.3075	0.314	0.3051	0.2978		
		0.4117	0.3044	0.278	0.4161	0.3318	0.4056	0.3157	0.3085	0.3115	0.0445	0.2963	0.0531		
		0.4047	0.2955	0.2921	0.3025	0.3355	0.3068	0.3001	0.3347	0.3117	0.3597	0.3034	0.0535		
		0.3164	0.6544	0.3024	0.3911	0.4024	0.33	0.3053	0.3561	0.3006	0.6719	0.2962	0.0536		
		0.2977	0.3092	0.322	0.3106	0.4214	0.3061	0.5946	0.341	0.2979	0.9953	0.2883	0.0539		
		0.3071	0.3558	0.3896	0.294	0.2976	0.3114	0.5573	0.3226	0.3072	1.2919	0.2781	0.0536		
		0.4497	1.2214	0.3087	0.2944	0.2979	0.4334	0.3138	0.329	0.3093	1.5632	0.2748	0.0569		
		
22:00	37.00	0.3841	0.3021	0.2812	0.2923	0.4089	0.3247	0.3578	0.3179	0.3017	0.3438	0.2957	0.32		
		0.2986	0.2979	0.3318	0.3	0.3341	0.3106	0.3133	0.304	0.3109	0.3158	0.3075	0.299		
		0.4194	0.3059	0.2798	0.4225	0.3354	0.4126	0.3201	0.3114	0.3132	0.0445	0.2863	0.0532		
		0.4126	0.2977	0.2925	0.3113	0.3338	0.3147	0.3051	0.3367	0.3127	0.3597	0.3035	0.0536		
		0.3174	0.6732	0.3052	0.3981	0.4047	0.3312	0.3111	0.3612	0.3031	0.6719	0.2907	0.0535		
		0.297	0.3116	0.3253	0.3033	0.4293	0.3081	0.6069	0.3445	0.301	0.9951	0.2893	0.0539		
		0.3124	0.3589	0.4019	0.295	0.3006	0.3111	0.5722	0.3252	0.3093	1.2911	0.2807	0.0537		
		0.4597	1.2223	0.3106	0.2971	0.3003	0.444	0.3164	0.3311	0.311	1.5619	0.2721	0.0569		
		
23:00	37.00	0.3902	0.3082	0.2835	0.295	0.4148	0.3274	0.3636	0.3224	0.3034	0.3467	0.3008	0.3206		
		0.3069	0.3006	0.3338	0.2983	0.3367	0.3136	0.315	0.3078	0.3136	0.3171	0.311	0.2997		
		0.4277	0.3088	0.2834	0.4293	0.3381	0.4203	0.3222	0.3136	0.3169	0.0443	0.3024	0.0531		
		0.4237	0.2975	0.2944	0.3166	0.3345	0.3176	0.3056	0.3369	0.3131	0.3597	0.3017	0.0535		
		0.3014	0.6916	0.3074	0.4046	0.407	0.3328	0.3115	0.3685	0.305	0.6721	0.2947	0.0536		
		0.3021	0.3154	0.3211	0.3166	0.4395	0.3103	0.6195	0.3491	0.3013	0.9957	0.2898	0.0539		
		0.3141	0.3649	0.4088	0.2949	0.2968	0.3125	0.5884	0.3276	0.3117	1.2924	0.2741	0.0537		
		0.4717	1.2261	0.3156	0.3023	0.3013	0.4468	0.3189	0.3333	0.3126	1.5644	0.2686	0.0568		
		
24:00	37.00	0.3964	0.3071	0.285	0.298	0.4241	0.3307	0.3674	0.3259	0.3063	0.3504	0.3032	0.3186		
		0.3085	0.3038	0.3377	0.3066	0.3385	0.3151	0.3192	0.3118	0.3189	0.3193	0.3127	0.3018		
		0.4347	0.3117	0.2875	0.4327	0.3399	0.4272	0.326	0.3157	0.3165	0.0443	0.2814	0.0531		
		0.4328	0.2978	0.2988	0.3184	0.3334	0.316	0.3075	0.3391	0.3158	0.3597	0.3001	0.0536		
		0.3064	0.7073	0.3138	0.4119	0.4101	0.3356	0.3128	0.3735	0.3069	0.671	0.2904	0.0536		
		0.3046	0.3161	0.3079	0.3183	0.4433	0.3137	0.6259	0.353	0.2989	0.9951	0.2928	0.0539		
		0.3172	0.3716	0.4134	0.2961	0.2939	0.322	0.6054	0.3262	0.3139	1.2922	0.2691	0.0536		
		0.4849	1.2288	0.3125	0.3031	0.3049	0.4443	0.3217	0.3342	0.3151	1.5634	0.2671	0.0568		
		
25:00	37.00	0.4039	0.3044	0.2866	0.3007	0.4288	0.3332	0.3712	0.3276	0.31	0.3558	0.3018	0.3202		
		0.3115	0.3063	0.3429	0.3179	0.3403	0.3204	0.3229	0.3145	0.3225	0.3214	0.3136	0.3043		
		0.4446	0.316	0.2881	0.4429	0.3424	0.4341	0.33	0.3186	0.3185	0.0445	0.2761	0.0531		
		0.4383	0.2981	0.2996	0.3138	0.3351	0.3153	0.3094	0.342	0.317	0.3599	0.2938	0.0536		
		0.329	0.7263	0.3156	0.4137	0.414	0.3382	0.3169	0.3787	0.3121	0.6706	0.281	0.0537		
		0.3076	0.3177	0.3053	0.3129	0.451	0.3167	0.637	0.3558	0.2921	0.9946	0.2923	0.0539		
		0.3211	0.3748	0.417	0.2972	0.2912	0.3247	0.6189	0.3219	0.316	1.2905	0.268	0.0536		
		0.4936	1.2272	0.3147	0.3034	0.3087	0.4505	0.3249	0.3338	0.3168	1.5615	0.2633	0.0568		
		
26:00	37.00	0.4119	0.3109	0.2857	0.3042	0.4375	0.3375	0.3757	0.3312	0.3141	0.3592	0.3077	0.3211		
		0.3108	0.3081	0.3484	0.3241	0.339	0.3212	0.3249	0.3196	0.3254	0.3193	0.3113	0.305		
		0.4537	0.3179	0.2941	0.4493	0.3441	0.4383	0.3325	0.3219	0.3221	0.0445	0.2746	0.0531		
		0.4458	0.3005	0.3024	0.3187	0.3316	0.3179	0.3112	0.3376	0.3153	0.3593	0.2942	0.0535		
		0.3212	0.7416	0.3167	0.4235	0.41	0.3406	0.3217	0.3848	0.316	0.6704	0.2814	0.0536		
		0.3109	0.3236	0.3178	0.3177	0.4549	0.3181	0.6478	0.3574	0.2867	0.9949	0.285	0.0538		
		0.3231	0.3801	0.4255	0.2968	0.2991	0.3321	0.6332	0.319	0.3171	1.2911	0.2665	0.0539		
		0.5115	1.243	0.315	0.3035	0.311	0.4588	0.3226	0.3351	0.3193	1.5629	0.2566	0.0568		
		
27:00	37.00	0.4183	0.3122	0.2883	0.3049	0.4427	0.3392	0.3783	0.3304	0.3158	0.3643	0.3106	0.32		
		0.3143	0.3094	0.3524	0.3287	0.3393	0.3268	0.3285	0.3226	0.3288	0.3235	0.2982	0.3073		
		0.4604	0.3214	0.294	0.4544	0.347	0.4392	0.3355	0.324	0.3232	0.0445	0.272	0.0531		
		0.4532	0.2966	0.3027	0.3221	0.3285	0.3153	0.3122	0.3549	0.3131	0.3594	0.286	0.0536		
		0.3299	0.7514	0.3185	0.4221	0.4185	0.3421	0.3235	0.3857	0.3187	0.6707	0.2805	0.0536		
		0.3117	0.3274	0.3427	0.3173	0.4634	0.3206	0.6571	0.3638	0.2833	0.9941	0.2776	0.0538		
		0.3272	0.3813	0.4298	0.2958	0.2922	0.3316	0.6442	0.3177	0.313	1.2895	0.2627	0.0537		
		0.5164	1.2486	0.3145	0.3019	0.3149	0.4676	0.3254	0.3301	0.3191	1.5586	0.2434	0.0568		
		
28:00	37.00	0.4247	0.3203	0.2891	0.3041	0.4487	0.3423	0.3823	0.3287	0.3185	0.3691	0.3121	0.3201		
		0.3197	0.3109	0.3556	0.3278	0.3381	0.3265	0.3305	0.3212	0.3324	0.3254	0.2968	0.3076		
		0.4676	0.3235	0.2951	0.4621	0.348	0.4412	0.3389	0.3264	0.3231	0.0445	0.2696	0.0531		
		0.4595	0.2955	0.3066	0.3269	0.329	0.3112	0.314	0.3567	0.3097	0.3593	0.2981	0.0535		
		0.3247	0.7526	0.3199	0.4241	0.4181	0.3465	0.3267	0.3918	0.3229	0.6706	0.2745	0.0535		
		0.3161	0.3281	0.3374	0.3212	0.4639	0.3232	0.6621	0.3665	0.3034	0.9937	0.2707	0.0538		
		0.3299	0.3856	0.4358	0.2955	0.2903	0.3307	0.6538	0.3322	0.3144	1.2894	0.263	0.0538		
		0.5286	1.2509	0.32	0.3023	0.3163	0.4754	0.3245	0.3234	0.3195	1.5586	0.2531	0.0568		
		
29:00	37.00	0.4318	0.3223	0.2884	0.3037	0.4538	0.3449	0.3832	0.3231	0.3216	0.3727	0.3109	0.3189		
		0.3205	0.3118	0.3603	0.3328	0.337	0.3302	0.3338	0.3221	0.3356	0.3261	0.3077	0.3102		
		0.4779	0.3247	0.2958	0.4688	0.3488	0.4449	0.3431	0.3272	0.3237	0.0444	0.2678	0.053		
		0.4704	0.2963	0.3085	0.3303	0.3271	0.3102	0.3135	0.3531	0.3059	0.3592	0.2936	0.0535		
		0.3186	0.764	0.3201	0.4284	0.4216	0.349	0.3296	0.3957	0.3272	0.6707	0.2746	0.0536		
		0.3204	0.3345	0.3403	0.3237	0.4706	0.3253	0.6794	0.3721	0.3258	0.9943	0.2737	0.0538		
		0.333	0.3906	0.4491	0.2948	0.3	0.3332	0.6668	0.3505	0.3142	1.2906	0.26	0.0538		
		0.5405	1.2531	0.3205	0.3035	0.3189	0.4854	0.3234	0.3231	0.3159	1.5596	0.2662	0.0567		
		
30:00	37.00	0.4391	0.324	0.2901	0.3031	0.4547	0.3487	0.3855	0.3181	0.3224	0.3773	0.3105	0.3192		
		0.3245	0.3142	0.363	0.3345	0.3358	0.3351	0.3369	0.3195	0.3391	0.3228	0.3132	0.3108		
		0.4875	0.3275	0.305	0.475	0.3491	0.4466	0.3441	0.3275	0.3216	0.0443	0.266	0.0532		
		0.4761	0.2985	0.3134	0.3312	0.3255	0.3078	0.3145	0.3567	0.3014	0.3592	0.2877	0.0535		
		0.3206	0.7858	0.3206	0.4316	0.4215	0.3498	0.331	0.4022	0.3301	0.6699	0.2715	0.0535		
		0.3222	0.3366	0.3452	0.3268	0.4699	0.3239	0.6782	0.3796	0.3333	0.994	0.2826	0.0539		
		0.3365	0.3985	0.4574	0.2964	0.2923	0.3349	0.6842	0.3578	0.3131	1.2911	0.2574	0.0537		
		0.5535	1.2586	0.3246	0.3055	0.3196	0.4911	0.3201	0.3344	0.3097	1.5593	0.2666	0.0568		
		
31:00	37.00	0.4453	0.3269	0.2911	0.308	0.457	0.3486	0.3859	0.3184	0.3228	0.3816	0.3102	0.3196		
		0.3277	0.3147	0.366	0.3384	0.3341	0.3347	0.3394	0.3196	0.3432	0.3229	0.3262	0.3112		
		0.4945	0.3342	0.297	0.4803	0.3488	0.4502	0.3467	0.3249	0.3152	0.0445	0.2657	0.0532		
		0.4845	0.3036	0.3129	0.3363	0.321	0.3123	0.3142	0.364	0.298	0.359	0.2807	0.0536		
		0.3226	0.8103	0.322	0.4382	0.425	0.3517	0.3327	0.4116	0.335	0.6695	0.27	0.0536		
		0.3249	0.3404	0.3459	0.3291	0.4739	0.3226	0.6975	0.3898	0.3295	0.9938	0.2889	0.0539		
		0.3404	0.4073	0.4646	0.2964	0.2988	0.3371	0.6999	0.3558	0.3144	1.2911	0.254	0.0537		
		0.5692	1.2637	0.3252	0.3046	0.3217	0.5015	0.3158	0.3471	0.3061	1.5587	0.2652	0.0568		
		
32:00	37.00	0.4513	0.3287	0.2913	0.3181	0.4598	0.3451	0.3865	0.3333	0.3217	0.3836	0.317	0.3191		
		0.3287	0.318	0.3672	0.345	0.3311	0.3359	0.3455	0.3192	0.3434	0.325	0.3439	0.3111		
		0.5033	0.3349	0.2999	0.4882	0.3458	0.4558	0.3492	0.3199	0.3168	0.0445	0.2646	0.0531		
		0.4885	0.3065	0.3102	0.3393	0.3222	0.3155	0.3136	0.3694	0.2989	0.3589	0.2803	0.0536		
		0.3309	0.8285	0.3253	0.446	0.4293	0.3547	0.3329	0.4191	0.339	0.669	0.2704	0.0535		
		0.33	0.3434	0.3489	0.3338	0.4729	0.321	0.7002	0.3908	0.3299	0.9932	0.2885	0.0538		
		0.3441	0.4161	0.4795	0.2975	0.2978	0.339	0.7166	0.3598	0.3238	1.292	0.2529	0.0538		
		0.5777	1.2814	0.3304	0.3099	0.3218	0.5097	0.3128	0.3681	0.3084	1.5584	0.2598	0.0568		
		
33:00	37.00	0.4587	0.3303	0.2977	0.3239	0.4594	0.3411	0.3878	0.3514	0.3159	0.3842	0.3104	0.3188		
		0.3305	0.3168	0.3673	0.3458	0.328	0.3381	0.3473	0.3218	0.3437	0.3261	0.3437	0.3114		
		0.5096	0.3306	0.2962	0.4929	0.344	0.4549	0.3498	0.3028	0.3082	0.0444	0.2613	0.0531		
		0.4978	0.3237	0.3141	0.3423	0.3222	0.3082	0.3129	0.3736	0.2972	0.359	0.277	0.0536		
		0.3296	0.8462	0.3268	0.4501	0.4359	0.3543	0.3292	0.4234	0.3426	0.6698	0.2648	0.0535		
		0.3324	0.3462	0.3523	0.3348	0.4789	0.3146	0.7168	0.3926	0.3359	0.9927	0.2831	0.0539		
		0.348	0.4231	0.4843	0.2976	0.2961	0.3419	0.7337	0.3622	0.3313	1.2906	0.2489	0.0537		
		0.5888	1.274	0.3324	0.309	0.3171	0.5172	0.3119	0.3503	0.3213	1.557	0.2518	0.0568		
		
34:00	37.00	0.4663	0.3348	0.3056	0.3307	0.4637	0.3366	0.391	0.351	0.3116	0.3831	0.3048	0.3189		
		0.3355	0.3189	0.3656	0.353	0.3266	0.3369	0.3511	0.3256	0.3403	0.3287	0.3377	0.3102		
		0.5182	0.3341	0.2997	0.4991	0.3428	0.4609	0.3502	0.2913	0.3096	0.0444	0.2587	0.0532		
		0.5067	0.3449	0.3143	0.3435	0.3222	0.2998	0.3125	0.3772	0.3009	0.359	0.275	0.0536		
		0.3313	0.8623	0.3344	0.4529	0.4411	0.3519	0.3237	0.4329	0.3466	0.67	0.2622	0.0535		
		0.3362	0.3493	0.354	0.337	0.4744	0.311	0.7243	0.3972	0.3342	0.9924	0.285	0.0539		
		0.3512	0.4305	0.4889	0.3006	0.2939	0.3459	0.7478	0.3639	0.3429	1.2919	0.2505	0.0537		
		0.6026	1.2812	0.3372	0.3174	0.3091	0.5256	0.3108	0.3545	0.3484	1.5572	0.2505	0.0568		
		
35:00	37.00	0.4732	0.3385	0.3109	0.3354	0.4636	0.3378	0.3938	0.3535	0.3111	0.3815	0.3081	0.3175		
		0.3381	0.3222	0.3664	0.3577	0.3253	0.3388	0.3527	0.3342	0.335	0.3283	0.3415	0.3067		
		0.5271	0.3342	0.2998	0.5021	0.3421	0.464	0.35	0.301	0.3113	0.0444	0.2562	0.0532		
		0.513	0.345	0.3121	0.3489	0.3258	0.3006	0.3145	0.3797	0.3026	0.3591	0.2742	0.0535		
		0.3334	0.8795	0.3331	0.4628	0.4409	0.3564	0.3169	0.4431	0.3506	0.6701	0.2611	0.0536		
		0.338	0.3534	0.3578	0.3409	0.481	0.3103	0.7396	0.4014	0.3381	0.992	0.2827	0.054		
		0.3545	0.4372	0.4971	0.3035	0.311	0.3498	0.7674	0.3648	0.3524	1.2909	0.2512	0.0537		
		0.616	1.285	0.3393	0.3228	0.3018	0.5337	0.3047	0.3546	0.3455	1.5582	0.247	0.0568		
		
36:00	37.00	0.4799	0.3422	0.3178	0.3412	0.4725	0.3414	0.3941	0.3511	0.3172	0.3798	0.3025	0.318		
		0.3429	0.3229	0.3694	0.3587	0.3272	0.3368	0.3543	0.3376	0.3278	0.331	0.3419	0.3035		
		0.5367	0.342	0.3048	0.5097	0.3392	0.4713	0.3445	0.3179	0.3089	0.0446	0.2559	0.0532		
		0.5205	0.3496	0.3131	0.3521	0.321	0.298	0.3145	0.3821	0.3011	0.359	0.2706	0.0535		
		0.3366	0.8959	0.3361	0.4694	0.4391	0.3521	0.3096	0.4517	0.3547	0.669	0.2618	0.0536		
		0.3427	0.3564	0.3599	0.342	0.4772	0.3076	0.7463	0.4087	0.3407	0.9914	0.2809	0.0539		
		0.3586	0.4409	0.4949	0.3058	0.3124	0.3519	0.7865	0.3688	0.3472	1.2909	0.2463	0.0538		
		0.6318	1.2942	0.3468	0.3297	0.3004	0.5438	0.3086	0.3566	0.3379	1.5581	0.2464	0.0569		
		
37:00	37.00	0.487	0.3462	0.3269	0.3403	0.4797	0.3421	0.3933	0.3504	0.3198	0.3765	0.2996	0.3178		
		0.3436	0.3234	0.369	0.3648	0.3282	0.3364	0.3547	0.3497	0.325	0.3351	0.3448	0.2975		
		0.544	0.3463	0.3076	0.516	0.3399	0.4736	0.3401	0.342	0.3116	0.0445	0.2538	0.0532		
		0.5275	0.3459	0.3158	0.3577	0.3187	0.2962	0.3154	0.387	0.301	0.3589	0.2691	0.0535		
		0.338	0.9115	0.3374	0.4773	0.445	0.3521	0.3121	0.461	0.3581	0.6688	0.2595	0.0536		
		0.3444	0.3608	0.363	0.3464	0.4772	0.3068	0.7622	0.4129	0.3435	0.9911	0.2804	0.0539		
		0.3619	0.4445	0.4998	0.305	0.3172	0.3536	0.8029	0.3689	0.3476	1.2902	0.2427	0.0536		
		0.6453	1.3092	0.3535	0.3376	0.3098	0.5514	0.3152	0.3615	0.3384	1.5562	0.2438	0.0569		
		
38:00	37.00	0.4933	0.3465	0.3385	0.3335	0.4906	0.345	0.3963	0.3561	0.3312	0.3747	0.3013	0.3208		
		0.3465	0.3255	0.3711	0.3701	0.329	0.3363	0.3556	0.365	0.327	0.3351	0.3472	0.2886		
		0.552	0.3583	0.3163	0.5233	0.3409	0.4848	0.3312	0.3574	0.3182	0.0446	0.2523	0.0532		
		0.5355	0.3509	0.3174	0.3579	0.3228	0.3098	0.3118	0.3916	0.3	0.3586	0.265	0.0536		
		0.3426	0.9274	0.3435	0.4873	0.4478	0.3555	0.3206	0.4709	0.3621	0.6694	0.2541	0.0535		
		0.3488	0.3646	0.3678	0.3494	0.4796	0.3074	0.7652	0.4184	0.3427	0.9901	0.281	0.0539		
		0.366	0.4448	0.4993	0.3101	0.317	0.3563	0.8161	0.3739	0.3489	1.2899	0.2411	0.0539		
		0.6583	1.3255	0.3588	0.3583	0.3151	0.5615	0.3184	0.3618	0.3419	1.5561	0.2399	0.0569		
		
39:00	37.00	0.5007	0.3519	0.341	0.3447	0.4984	0.3408	0.3959	0.3585	0.339	0.3722	0.307	0.3196		
		0.3505	0.3223	0.3666	0.3712	0.3287	0.3359	0.3482	0.3659	0.3343	0.3344	0.3499	0.2842		
		0.5604	0.3585	0.3164	0.5305	0.3493	0.4806	0.3216	0.3625	0.3133	0.0446	0.2518	0.0532		
		0.542	0.3529	0.3121	0.3639	0.321	0.3103	0.314	0.3952	0.2976	0.3589	0.2656	0.0536		
		0.3456	0.9423	0.3409	0.4969	0.4513	0.3495	0.322	0.4732	0.3665	0.6697	0.2544	0.0536		
		0.3528	0.3678	0.3709	0.3521	0.4781	0.3029	0.7819	0.4227	0.349	0.9902	0.2811	0.0539		
		0.3679	0.4509	0.5091	0.3066	0.3203	0.3582	0.8328	0.3756	0.3515	1.2903	0.2404	0.0537		
		0.6699	1.3312	0.3642	0.366	0.3282	0.5695	0.3267	0.3646	0.3431	1.556	0.2378	0.0568		
		
40:00	37.00	0.5075	0.3537	0.3315	0.3466	0.5112	0.349	0.3924	0.3606	0.3548	0.3733	0.3148	0.3197		
		0.3549	0.3254	0.378	0.3755	0.3294	0.334	0.3441	0.3658	0.3418	0.3343	0.3526	0.296		
		0.5685	0.3667	0.3238	0.5357	0.3525	0.493	0.3132	0.3692	0.3176	0.0444	0.2484	0.0531		
		0.5478	0.3552	0.3139	0.3669	0.3215	0.3064	0.3191	0.3974	0.2947	0.359	0.2637	0.0535		
		0.3488	0.957	0.3517	0.5057	0.4571	0.351	0.3324	0.4763	0.3707	0.6696	0.2545	0.0535		
		0.3552	0.3706	0.3733	0.355	0.4805	0.3084	0.7875	0.4271	0.3518	0.9897	0.2824	0.0539		
		0.371	0.4509	0.5239	0.3047	0.3212	0.3618	0.8515	0.3802	0.3537	1.2901	0.2397	0.0538		
		0.6842	1.3451	0.3675	0.3634	0.337	0.5777	0.3317	0.3675	0.3468	1.5569	0.2371	0.0568		
		
41:00	37.00	0.515	0.3575	0.3324	0.3504	0.5227	0.3566	0.3893	0.3637	0.3583	0.3748	0.3161	0.3194		
		0.3569	0.3296	0.3859	0.3835	0.3286	0.3343	0.3341	0.3679	0.3467	0.3386	0.3544	0.3098		
		0.5747	0.3761	0.329	0.5418	0.3555	0.4985	0.3155	0.3646	0.3187	0.0445	0.2523	0.0532		
		0.5554	0.3589	0.3157	0.3704	0.3207	0.3114	0.3237	0.4024	0.293	0.3588	0.261	0.0535		
		0.3529	0.9707	0.3598	0.5131	0.4706	0.3504	0.3371	0.477	0.374	0.669	0.2508	0.0535		
		0.3597	0.3735	0.3756	0.3579	0.4903	0.3045	0.8031	0.4331	0.355	0.989	0.2798	0.0539		
		0.3766	0.4555	0.5274	0.3056	0.3174	0.3647	0.8733	0.3806	0.356	1.2905	0.2373	0.0538		
		0.6929	1.3592	0.3764	0.3642	0.3422	0.586	0.3323	0.3699	0.3478	1.5562	0.2352	0.0568		
		
42:00	37.00	0.523	0.3608	0.33	0.3541	0.5316	0.3618	0.3826	0.367	0.357	0.3753	0.3192	0.3198		
		0.3597	0.3361	0.3947	0.3878	0.3295	0.3342	0.3207	0.3745	0.3526	0.3427	0.3568	0.3256		
		0.5825	0.3827	0.3343	0.5478	0.3559	0.5074	0.3208	0.3641	0.3159	0.0445	0.244	0.0532		
		0.5616	0.3631	0.3235	0.3747	0.3196	0.3149	0.3243	0.4073	0.2905	0.3584	0.258	0.0535		
		0.3557	0.9839	0.3648	0.5225	0.4798	0.3487	0.3493	0.4835	0.3791	0.6686	0.2509	0.0536		
		0.3624	0.3781	0.3807	0.3608	0.4954	0.3049	0.813	0.4372	0.357	0.9879	0.2809	0.0539		
		0.3799	0.4596	0.5366	0.304	0.3231	0.3687	0.8967	0.3855	0.3585	1.2897	0.2354	0.0538		
		0.705	1.373	0.3817	0.3644	0.3526	0.594	0.3455	0.3723	0.3512	1.5538	0.233	0.0569		
		
43:00	37.00	0.5304	0.3626	0.334	0.3545	0.5405	0.3696	0.3794	0.3677	0.3572	0.3822	0.3231	0.3213		
		0.3629	0.3403	0.4072	0.3891	0.3301	0.3371	0.3051	0.3778	0.3701	0.3457	0.36	0.3201		
		0.5917	0.393	0.3419	0.5516	0.3639	0.5216	0.3407	0.3666	0.3192	0.0446	0.2448	0.0531		
		0.569	0.3661	0.3325	0.3779	0.3145	0.2994	0.3306	0.4094	0.2866	0.3586	0.2577	0.0535		
		0.3584	0.9982	0.3783	0.5319	0.4952	0.343	0.3805	0.4887	0.384	0.6685	0.2479	0.0536		
		0.3663	0.381	0.3838	0.3631	0.5022	0.3161	0.8147	0.4449	0.361	0.9873	0.2783	0.0539		
		0.3826	0.4626	0.5422	0.3105	0.3291	0.3703	0.9179	0.3888	0.3621	1.2887	0.2332	0.0538		
		0.7178	1.411	0.3894	0.3682	0.3548	0.6038	0.3746	0.3748	0.3538	1.5525	0.2323	0.0568		
		
44:00	37.00	0.5377	0.3679	0.3398	0.3579	0.5493	0.375	0.3853	0.3725	0.3573	0.3859	0.3251	0.3209		
		0.3659	0.3428	0.4126	0.3963	0.3264	0.3337	0.306	0.3842	0.3891	0.3445	0.3616	0.3211		
		0.6013	0.3983	0.3479	0.5597	0.367	0.5288	0.3489	0.3676	0.307	0.0447	0.247	0.0532		
		0.5768	0.3677	0.3352	0.3821	0.3107	0.3123	0.3345	0.4157	0.2787	0.3588	0.2547	0.0535		
		0.3619	1.0114	0.3767	0.5432	0.4975	0.3307	0.3902	0.4958	0.3876	0.6689	0.2443	0.0535		
		0.3704	0.3845	0.3879	0.3666	0.5161	0.3178	0.8286	0.4508	0.3642	0.9876	0.2785	0.0539		
		0.3873	0.4679	0.5527	0.316	0.3309	0.3742	0.9385	0.391	0.3639	1.289	0.2309	0.0538		
		0.7322	1.4476	0.3921	0.37	0.3525	0.6117	0.3815	0.3774	0.356	1.5543	0.2273	0.0569		
		
45:00	37.00	0.544	0.371	0.34	0.3602	0.5556	0.3767	0.3905	0.375	0.3573	0.3932	0.3332	0.3207		
		0.37	0.3473	0.4157	0.3989	0.3217	0.3305	0.3194	0.3855	0.3882	0.3457	0.3645	0.3191		
		0.61	0.4041	0.3499	0.5641	0.3706	0.5285	0.3589	0.3709	0.3012	0.0446	0.2591	0.0532		
		0.5833	0.3728	0.3387	0.3854	0.3142	0.3228	0.3433	0.4186	0.2865	0.3589	0.2545	0.0535		
		0.3633	1.0243	0.3858	0.5434	0.5095	0.3244	0.393	0.5031	0.3912	0.6692	0.2438	0.0536		
		0.3712	0.3889	0.3922	0.3686	0.5293	0.322	0.8424	0.4561	0.3679	0.9878	0.2763	0.0539		
		0.3901	0.4724	0.5598	0.3137	0.3371	0.3765	0.9567	0.3948	0.3673	1.2899	0.2295	0.0537		
		0.7429	1.4298	0.396	0.3754	0.3509	0.6204	0.3755	0.3798	0.3592	1.5542	0.2259	0.0568		
		
46:00	37.00	0.5511	0.3732	0.3425	0.3643	0.5669	0.3843	0.4053	0.378	0.3623	0.401	0.3413	0.3213		
		0.3721	0.3476	0.4246	0.4046	0.32	0.3308	0.3333	0.3903	0.3879	0.349	0.3677	0.3129		
		0.6173	0.4002	0.359	0.5703	0.3761	0.5387	0.3691	0.3738	0.2966	0.0446	0.2391	0.0533		
		0.5892	0.3758	0.3446	0.3884	0.3191	0.3206	0.348	0.4218	0.2905	0.3592	0.2531	0.0536		
		0.3653	1.0356	0.3945	0.5443	0.5133	0.3109	0.3875	0.5085	0.395	0.6682	0.2411	0.0535		
		0.3769	0.3907	0.3943	0.3721	0.5393	0.3312	0.8589	0.4615	0.3711	0.9872	0.2771	0.0539		
		0.3938	0.4776	0.569	0.3208	0.3437	0.3795	0.9764	0.3964	0.3698	1.2897	0.23	0.0537		
		0.7543	1.4086	0.4047	0.3785	0.3503	0.6291	0.3719	0.383	0.3603	1.554	0.224	0.0568		
		
47:00	37.00	0.5583	0.3754	0.3465	0.3662	0.5686	0.3942	0.4169	0.3799	0.3638	0.4069	0.3472	0.3208		
		0.3753	0.3584	0.4362	0.4097	0.3201	0.3345	0.3455	0.3917	0.3839	0.3526	0.3699	0.3143		
		0.6247	0.4002	0.3568	0.5768	0.3805	0.5448	0.3909	0.3753	0.2949	0.0446	0.255	0.0533		
		0.5967	0.3787	0.3499	0.3903	0.3278	0.3168	0.3563	0.4251	0.298	0.3589	0.2491	0.0535		
		0.3698	1.0475	0.3988	0.5505	0.5226	0.3055	0.3884	0.5143	0.4001	0.6684	0.2414	0.0536		
		0.3816	0.3944	0.3978	0.3752	0.5519	0.3382	0.8705	0.4666	0.3731	0.9877	0.277	0.0539		
		0.3966	0.4839	0.5778	0.3235	0.3417	0.382	0.9961	0.3994	0.3729	1.2892	0.2257	0.0536		
		0.7646	1.4018	0.4182	0.3824	0.3497	0.6386	0.3733	0.3852	0.3632	1.5529	0.223	0.0568		
		
48:00	37.00	0.5654	0.3805	0.3487	0.37	0.5797	0.4135	0.4318	0.3839	0.3671	0.4155	0.3658	0.3202		
		0.3781	0.386	0.4401	0.4155	0.3241	0.3394	0.347	0.3953	0.3874	0.3529	0.3718	0.3172		
		0.6334	0.4006	0.3578	0.5798	0.3891	0.5585	0.3991	0.378	0.3009	0.0446	0.2675	0.0532		
		0.6037	0.3837	0.3592	0.3933	0.3284	0.3102	0.3585	0.43	0.292	0.359	0.2496	0.0535		
		0.3728	1.0603	0.408	0.5628	0.5404	0.3124	0.389	0.5232	0.4027	0.6686	0.2389	0.0536		
		0.3852	0.3988	0.4002	0.3779	0.5564	0.3412	0.8751	0.4725	0.3761	0.9882	0.2757	0.0539		
		0.4021	0.4892	0.5854	0.3343	0.3479	0.3853	1.0184	0.4042	0.3771	1.2899	0.2259	0.0539		
		0.7773	1.3981	0.42	0.3868	0.3502	0.6464	0.3749	0.3878	0.3667	1.5534	0.2241	0.0569		
		
49:00	37.00	0.5724	0.3833	0.3505	0.3744	0.585	0.4072	0.4407	0.3879	0.3692	0.4231	0.3736	0.3208		
		0.3822	0.3924	0.4346	0.4197	0.3328	0.3448	0.3708	0.4017	0.3904	0.3618	0.375	0.3173		
		0.642	0.4039	0.3627	0.5867	0.3953	0.5672	0.3993	0.3814	0.2997	0.0446	0.2643	0.0532		
		0.6107	0.3869	0.362	0.399	0.3331	0.3254	0.3666	0.4312	0.2996	0.3587	0.2479	0.0535		
		0.3773	1.0713	0.4096	0.5707	0.5474	0.3234	0.391	0.53	0.4084	0.6691	0.237	0.0535		
		0.3865	0.41	0.4045	0.3807	0.556	0.3463	0.8847	0.4793	0.3794	0.9886	0.2774	0.0539		
		0.4075	0.4938	0.5943	0.3349	0.3522	0.3883	1.0426	0.4073	0.3796	1.2896	0.2236	0.0539		
		0.7898	1.3952	0.4154	0.39	0.3542	0.6556	0.3771	0.3928	0.3681	1.5537	0.2208	0.0568		
		
50:00	37.00	0.578	0.3871	0.3561	0.378	0.5927	0.4024	0.4492	0.3903	0.3728	0.4315	0.3719	0.322		
		0.3844	0.3925	0.4397	0.4222	0.3417	0.3516	0.3937	0.4058	0.3953	0.3642	0.3767	0.3217		
		0.6495	0.4051	0.3652	0.5927	0.3988	0.5769	0.3982	0.3844	0.3059	0.0447	0.2601	0.0532		
		0.6171	0.3891	0.3683	0.4022	0.3402	0.3174	0.3904	0.4363	0.3054	0.3588	0.2471	0.0535		
		0.3793	1.0829	0.4137	0.5787	0.5568	0.3423	0.3939	0.5396	0.4124	0.669	0.2364	0.0535		
		0.3906	0.4056	0.4082	0.384	0.5649	0.3501	0.8954	0.4858	0.3833	0.9892	0.2769	0.0538		
		0.4131	0.5002	0.6009	0.3425	0.3555	0.3905	1.065	0.4106	0.383	1.2897	0.2231	0.0539		
		0.8003	1.3941	0.4205	0.3953	0.358	0.6648	0.3801	0.3935	0.3719	1.5552	0.2169	0.0568		
		
51:00	37.00	0.5883	0.3891	0.3581	0.3793	0.5991	0.4045	0.4538	0.3921	0.3756	0.4378	0.3739	0.3231		
		0.3878	0.3982	0.4463	0.4268	0.344	0.3599	0.4069	0.4118	0.3986	0.3664	0.3801	0.3205		
		0.6571	0.4109	0.3664	0.5979	0.4035	0.5793	0.3978	0.3877	0.3136	0.0446	0.2301	0.0533		
		0.6239	0.3918	0.3776	0.4079	0.3485	0.3328	0.3974	0.4414	0.3224	0.359	0.2443	0.0536		
		0.3818	1.0932	0.4153	0.5849	0.5605	0.349	0.3977	0.5454	0.416	0.6694	0.2343	0.0536		
		0.3952	0.4122	0.411	0.3853	0.5786	0.3634	0.9155	0.4917	0.3864	0.99	0.2743	0.0539		
		0.4142	0.5073	0.611	0.3386	0.3658	0.3934	1.083	0.4147	0.3853	1.2913	0.2225	0.0537		
		0.8108	1.3921	0.4241	0.4001	0.3609	0.6729	0.3826	0.3956	0.3747	1.5567	0.2157	0.0568		
		
52:00	37.00	0.5958	0.392	0.3622	0.3838	0.6032	0.401	0.4593	0.3958	0.3777	0.4484	0.3683	0.321		
		0.3915	0.4004	0.4477	0.4321	0.3511	0.367	0.4022	0.4152	0.4015	0.3705	0.3835	0.3192		
		0.665	0.4128	0.3659	0.6006	0.408	0.5839	0.3968	0.3897	0.3236	0.0445	0.266	0.0532		
		0.6301	0.3949	0.3784	0.4101	0.356	0.34	0.3967	0.4456	0.3376	0.3587	0.2412	0.0536		
		0.386	1.1033	0.4182	0.5911	0.5668	0.3609	0.4006	0.5511	0.4196	0.6689	0.2318	0.0535		
		0.3996	0.4121	0.4132	0.3896	0.6061	0.3871	0.9324	0.4961	0.3894	0.9902	0.2746	0.0539		
		0.4205	0.5097	0.6208	0.3557	0.366	0.3975	1.1035	0.4164	0.3874	1.2908	0.2185	0.0536		
		0.8227	1.3921	0.4253	0.4028	0.3635	0.6818	0.3831	0.3984	0.3765	1.5549	0.2133	0.0569		
		
53:00	37.00	0.6016	0.3965	0.3658	0.3871	0.6042	0.4014	0.4618	0.3984	0.3809	0.4571	0.3708	0.3216		
		0.3949	0.4011	0.4502	0.438	0.358	0.3733	0.3958	0.4188	0.4046	0.376	0.3867	0.3225		
		0.6739	0.4175	0.3688	0.6093	0.4166	0.5941	0.3978	0.3936	0.3398	0.0447	0.2274	0.0532		
		0.6374	0.3996	0.3776	0.4147	0.363	0.3487	0.393	0.4489	0.3401	0.3587	0.2429	0.0535		
		0.3887	1.1146	0.4191	0.5988	0.5801	0.3689	0.4061	0.5565	0.4232	0.6693	0.2265	0.0536		
		0.4033	0.4164	0.4185	0.3926	0.6155	0.3943	0.9511	0.5023	0.3922	0.9905	0.275	0.0538		
		0.4198	0.5155	0.6281	0.373	0.374	0.3979	1.1235	0.4193	0.3898	1.2913	0.2188	0.0538		
		0.8336	1.3927	0.4291	0.4071	0.3661	0.6906	0.3871	0.4015	0.3791	1.5555	0.2125	0.0568		
		
54:00	37.00	0.6088	0.3999	0.3677	0.393	0.6039	0.4052	0.4632	0.4009	0.384	0.4588	0.3759	0.3232		
		0.3971	0.4056	0.4533	0.4432	0.3635	0.3934	0.3975	0.4209	0.4073	0.3783	0.3889	0.3241		
		0.6815	0.423	0.3743	0.6135	0.426	0.5995	0.4013	0.3954	0.363	0.0446	0.2539	0.0532		
		0.6439	0.4022	0.3775	0.4181	0.366	0.3501	0.3933	0.4511	0.3505	0.3587	0.2394	0.0536		
		0.3888	1.123	0.4215	0.6065	0.5843	0.3838	0.4078	0.5646	0.4277	0.6705	0.2275	0.0536		
		0.4057	0.4189	0.4206	0.3948	0.6288	0.3961	0.975	0.5075	0.3962	0.9906	0.276	0.0539		
		0.4238	0.5202	0.6397	0.3758	0.3866	0.4019	1.1422	0.4217	0.3947	1.2906	0.2179	0.0537		
		0.8422	1.392	0.4325	0.4103	0.3674	0.6996	0.3884	0.4026	0.3813	1.5564	0.2128	0.0569		
		
55:00	37.00	0.6175	0.4037	0.371	0.3956	0.6091	0.4082	0.4617	0.4047	0.3873	0.4587	0.3768	0.322		
		0.4004	0.4083	0.4568	0.4482	0.3664	0.4042	0.3981	0.4252	0.4108	0.3814	0.3915	0.3256		
		0.689	0.4226	0.3795	0.6197	0.4234	0.6165	0.405	0.3998	0.3833	0.0445	0.2266	0.0533		
		0.6511	0.4065	0.3771	0.422	0.3633	0.3433	0.3959	0.4561	0.3637	0.3586	0.2367	0.0535		
		0.3951	1.1348	0.4259	0.6153	0.5909	0.4084	0.4105	0.5738	0.4326	0.6699	0.2263	0.0535		
		0.409	0.422	0.4242	0.3978	0.6369	0.3948	1.0072	0.5143	0.3981	0.9906	0.2713	0.0538		
		0.4275	0.5261	0.6447	0.3685	0.3942	0.4051	1.1606	0.4268	0.3976	1.29	0.214	0.0538		
		0.8532	1.3921	0.4381	0.4145	0.3698	0.7097	0.393	0.4064	0.3854	1.5565	0.2111	0.0569		
		
56:00	37.00	0.6256	0.4066	0.3731	0.3962	0.6145	0.4101	0.4652	0.4066	0.3887	0.4604	0.3793	0.3213		
		0.4043	0.4119	0.4627	0.4529	0.3682	0.3996	0.4002	0.432	0.4138	0.3853	0.3944	0.324		
		0.6994	0.4316	0.3803	0.6261	0.4199	0.6233	0.4087	0.4017	0.3925	0.0445	0.2397	0.0533		
		0.6568	0.4092	0.3806	0.4258	0.3782	0.356	0.3991	0.4606	0.3893	0.3588	0.2374	0.0535		
		0.3973	1.1445	0.4303	0.622	0.6079	0.4173	0.4159	0.578	0.4353	0.6707	0.2244	0.0535		
		0.4116	0.4273	0.428	0.4013	0.6338	0.3921	1.0248	0.5204	0.4009	0.9911	0.2739	0.0539		
		0.4316	0.53	0.6576	0.3782	0.3964	0.4087	1.1776	0.4286	0.4001	1.2904	0.2131	0.0537		
		0.8629	1.3902	0.4423	0.4194	0.3744	0.7171	0.3958	0.4089	0.3874	1.5579	0.2084	0.0568		
		
57:00	37.00	0.6324	0.4095	0.3767	0.4	0.6225	0.4122	0.4655	0.4105	0.3928	0.4608	0.3838	0.3219		
		0.4079	0.4145	0.4666	0.4561	0.394	0.3999	0.4021	0.4343	0.4178	0.3929	0.3964	0.3263		
		0.7058	0.4367	0.3842	0.6309	0.4172	0.6294	0.4117	0.4053	0.3916	0.0445	0.2219	0.0533		
		0.6638	0.4129	0.3804	0.4287	0.4098	0.361	0.4009	0.4616	0.3941	0.3592	0.2349	0.0535		
		0.4109	1.1527	0.434	0.6289	0.6238	0.4129	0.4191	0.5852	0.4403	0.6705	0.2229	0.0535		
		0.417	0.4299	0.4314	0.4041	0.6395	0.3936	1.0403	0.5266	0.4053	0.9914	0.2721	0.0539		
		0.4352	0.5372	0.6646	0.3774	0.3955	0.4118	1.1952	0.4317	0.4025	1.291	0.2116	0.0538		
		0.8737	1.392	0.4469	0.4235	0.377	0.7278	0.3979	0.4135	0.3898	1.5575	0.2078	0.0569		
		
58:00	37.00	0.6407	0.413	0.3798	0.4032	0.6302	0.4162	0.4694	0.4128	0.3951	0.466	0.3844	0.3221		
		0.4106	0.4186	0.4708	0.4583	0.4111	0.4017	0.4034	0.4383	0.4205	0.4021	0.3993	0.3269		
		0.7125	0.4392	0.3877	0.6364	0.4155	0.6276	0.4137	0.4082	0.3897	0.0446	0.2432	0.0533		
		0.6703	0.4166	0.3839	0.4335	0.4224	0.3449	0.403	0.4653	0.3872	0.3587	0.2345	0.0535		
		0.4031	1.1624	0.4387	0.6371	0.6316	0.4108	0.4232	0.5918	0.4449	0.6705	0.2238	0.0535		
		0.4217	0.4328	0.4344	0.4079	0.6478	0.3936	1.0538	0.5322	0.4077	0.991	0.2706	0.0539		
		0.4386	0.5424	0.6744	0.3781	0.3921	0.4147	1.2113	0.4358	0.407	1.2917	0.2126	0.0538		
		0.8851	1.3911	0.4537	0.4274	0.3791	0.7367	0.4018	0.4155	0.3944	1.5607	0.2052	0.0569		
		
59:00	37.00	0.6473	0.4146	0.3833	0.4078	0.6389	0.4196	0.4723	0.4162	0.3984	0.4691	0.388	0.3209		
		0.4151	0.4222	0.4758	0.467	0.4057	0.4052	0.4081	0.442	0.4252	0.4205	0.4032	0.3282		
		0.7217	0.4449	0.3919	0.6424	0.4182	0.6349	0.4191	0.4109	0.3902	0.0446	0.2214	0.0533		
		0.6766	0.421	0.3856	0.4374	0.4235	0.3675	0.4054	0.4719	0.3852	0.3588	0.2327	0.0536		
		0.4159	1.1715	0.4433	0.6404	0.6358	0.4072	0.4254	0.6021	0.4494	0.6706	0.2196	0.0535		
		0.425	0.4372	0.4378	0.4104	0.6638	0.3974	1.0627	0.539	0.411	0.9908	0.2692	0.0539		
		0.4437	0.5472	0.6847	0.3838	0.3948	0.4172	1.2295	0.4384	0.4092	1.2917	0.2093	0.0538		
		0.894	1.3906	0.4569	0.4311	0.3826	0.7448	0.4045	0.4181	0.397	1.5549	0.204	0.0568		
		
1:00:00	37.00	0.6555	0.419	0.3853	0.4099	0.6473	0.4216	0.4775	0.4185	0.4023	0.4739	0.3918	0.3248		
		0.4176	0.4263	0.4802	0.47	0.4053	0.4097	0.4093	0.4457	0.4286	0.432	0.4062	0.3294		
		0.729	0.448	0.3962	0.6447	0.4198	0.6453	0.4201	0.4131	0.3886	0.0445	0.2192	0.0533		
		0.6836	0.4235	0.3886	0.441	0.4206	0.3995	0.4101	0.4769	0.3868	0.3589	0.2308	0.0535		
		0.4103	1.1798	0.4477	0.6515	0.6415	0.4054	0.4291	0.6068	0.4525	0.6705	0.2174	0.0536		
		0.428	0.4409	0.4429	0.412	0.6736	0.4004	1.0669	0.5457	0.4153	0.9916	0.2731	0.0539		
		0.4465	0.5522	0.6913	0.3846	0.3895	0.422	1.2429	0.4405	0.4118	1.2912	0.2065	0.0536		
		0.9029	1.3887	0.4614	0.4361	0.3851	0.7523	0.4065	0.4199	0.4	1.5569	0.2023	0.0568		
		
Time(hh:mm:ss)	Temperature(¡C)	1	2	3	4	5	6	7	8	9	10	11	12		
		6.576032	2.518255	2.194807	2.715241	5.968059	2.234997	2.848525	2.37605	2.249958	2.844289	2.042168	0.305627	
		2.509455	2.68082	3.360444	3.933903	0.875262	1.704516	1.721597	3.348149	2.752025	1.919989	2.290233	0.595093	
		8.030127	3.110888	2.623305	6.061227	1.922782	5.957261	1.931423	2.4366	0.94753	0.003671	-0.16687	0.005147	
		7.385325	2.758942	1.923406	3.12909	0.919566	0.800883	2.352998	3.631761	0.881449	NoFit	-0.462846	0	
		2.373924	15.882977	3.238498	6.334215	5.31633	1.092766	2.658414	6.22009	3.847663	NoFit	-0.607097	-0.01	
		2.937504	3.24926	2.902993	2.530079	5.689038	1.727567	11.703464	4.732253	2.777483	NoFit	-0.106134	NoFit	
		3.386798	4.787229	6.879164	1.630566	1.77073	2.511058	16.399625	2.934828	2.43083	NoFit	-0.734372	0	
		11.364188	15.058958	3.123882	3.115896	1.613786	8.037546	1.973226	2.213776	2.110439	NoFit	-0.210379	-0.01	
~End
Group:	Standards	1
Sample	Concentration	Wells	BackConcCalc	Values	MeanValue	Std.Dev.	CV%

Smallest standard value:  

Largest standard value:  

~End
Group:	Controls	1
Sample	Wells	Sample#	Values	MeanValue

~End
Group:	Samples	1
Sample	Wells	Values	Outliers	Result	MeanResult	Std.Dev.	CV%

Outlier - Outside standard range  

~End
