##BLOCKS= 4          
Plate:	Plate#1	1.1	PlateFormat	Kinetic	Absorbance	Raw	FALSE	61	3600	60				1	410	1	12	96	
Time(hh:mm:ss)	Temperature(¡C)	1	2	3	4	5	6	7	8	9	10	11	12		
0:00	37.00	0.2056	0.1925	0.1886	0.1599	0.3085	0.1405	0.1549	0.136	0.227	0.144	0.1705	0.0562		
		0.1686	0.1894	0.1944	0.1698	0.148	0.1459	0.1721	0.1552	0.1492	0.1621	0.1519	0.0537		
		0.1719	0.2279	0.1831	0.1658	0.175	0.1661	0.1347	0.1593	0.1323	0.0446	0.0992	0.0553		
		0.1896	0.1882	0.1881	0.1602	0.185	0.1791	0.1561	0.1616	0.1532	0.3528	0.1148	0.0537		
		0.1635	0.1965	0.1807	0.1956	0.2066	0.1519	0.1591	0.1496	0.1586	0.6925	0.1055	0.0538		
		0.1902	0.1748	0.1788	0.1481	0.1613	0.1582	0.2172	0.1712	0.1606	1.0095	0.0553	0.054		
		0.1874	0.1941	0.1765	0.1878	0.1981	0.1411	0.1613	0.1885	0.1852	1.31	0.0537	0.0545		
		0.1846	0.2175	0.1966	0.1588	0.1369	0.1689	0.1476	0.1478	0.1444	2.5159	0.0542	0.0574		
		
1:00	37.00	0.2131	0.1985	0.1925	0.159	0.2012	0.144	0.1586	0.138	0.208	0.1502	0.1876	0.0562		
		0.1689	0.2008	0.1976	0.1751	0.1533	0.1481	0.1756	0.1589	0.1524	0.1671	0.1632	0.0538		
		0.1774	0.2154	0.1873	0.1675	0.1825	0.1764	0.1413	0.1615	0.1352	0.0447	0.0959	0.0554		
		0.1897	0.1901	0.1929	0.1616	0.1949	0.1827	0.1602	0.1682	0.1562	0.3517	0.1123	0.0538		
		0.1619	0.197	0.1833	0.2011	0.2029	0.1557	0.1632	0.1541	0.1643	0.692	0.1051	0.0538		
		0.1908	0.1787	0.1777	0.1505	0.1693	0.1609	0.2584	0.1747	0.168	1.0083	0.0552	0.0539		
		0.1879	0.1954	0.1806	0.191	0.206	0.145	0.1703	0.1907	0.1906	1.3097	0.0538	0.0545		
		0.1909	0.224	0.1979	0.1606	0.1371	0.1705	0.1503	0.1503	0.1466	2.5243	0.0544	0.0574		
		
2:00	37.00	0.2144	0.2005	0.1902	0.1635	0.2432	0.1491	0.1636	0.1432	0.2781	0.158	0.1923	0.0561		
		0.1683	0.2009	0.1986	0.1789	0.1572	0.1515	0.1765	0.1618	0.1559	0.1724	0.1664	0.0537		
		0.1753	0.2123	0.1894	0.1734	0.1839	0.187	0.148	0.1642	0.1409	0.0446	0.095	0.0553		
		0.1923	0.1902	0.192	0.1635	0.1946	0.1852	0.161	0.1724	0.1587	0.3516	0.1	0.0536		
		0.1614	0.1983	0.1858	0.2074	0.2076	0.1593	0.1659	0.1588	0.1697	0.6902	0.0984	0.0538		
		0.1912	0.1809	0.1784	0.1531	0.1734	0.1638	0.3034	0.1772	0.1711	1.007	0.0552	0.0539		
		0.1867	0.1949	0.1869	0.1958	0.2055	0.1515	0.1837	0.1947	0.1938	1.3098	0.0537	0.0546		
		0.1931	0.2327	0.1981	0.1654	0.1421	0.1759	0.1556	0.1579	0.1495	2.5282	0.0544	0.0575		
		
3:00	37.00	0.2109	0.1992	0.1911	0.1669	0.2829	0.1558	0.1689	0.1498	0.2732	0.1666	0.1941	0.0562		
		0.1688	0.1987	0.1998	0.1818	0.1629	0.1577	0.1779	0.1679	0.1611	0.1767	0.1689	0.0538		
		0.1815	0.2123	0.19	0.1812	0.1848	0.2023	0.1548	0.1675	0.1472	0.0447	0.0929	0.0553		
		0.1925	0.1927	0.192	0.1662	0.1974	0.1868	0.165	0.1755	0.1611	0.3512	0.0964	0.0536		
		0.1626	0.2023	0.1871	0.2141	0.2129	0.1637	0.1713	0.164	0.1724	0.6903	0.0958	0.0537		
		0.1898	0.1817	0.1798	0.1573	0.1777	0.1673	0.3501	0.1792	0.1722	1.0064	0.0552	0.054		
		0.1882	0.1968	0.1937	0.1969	0.2119	0.1592	0.2006	0.1985	0.1956	1.3085	0.0537	0.0545		
		0.1961	0.2399	0.1986	0.1678	0.1476	0.1835	0.1627	0.1636	0.1536	2.5283	0.0544	0.0575		
		
4:00	37.00	0.2093	0.1995	0.1913	0.1686	0.2879	0.1633	0.1738	0.1578	0.2401	0.1751	0.1935	0.0561		
		0.1685	0.202	0.1999	0.1843	0.1686	0.1632	0.1801	0.1723	0.1655	0.1825	0.1688	0.0537		
		0.1861	0.2128	0.1913	0.1891	0.1896	0.2163	0.1627	0.1707	0.1535	0.0447	0.0922	0.0551		
		0.194	0.195	0.1927	0.1687	0.1991	0.1892	0.1699	0.1806	0.1626	0.3511	0.0937	0.0536		
		0.1646	0.203	0.1893	0.2201	0.2178	0.1689	0.1768	0.1697	0.1767	0.69	0.0941	0.0537		
		0.1902	0.1845	0.1813	0.1623	0.1816	0.1717	0.3985	0.1828	0.1729	1.006	0.0551	0.0538		
		0.1894	0.1974	0.2006	0.1998	0.2135	0.1664	0.2187	0.2026	0.1957	1.3079	0.0536	0.0545		
		0.1997	0.2503	0.2022	0.1717	0.1538	0.1911	0.1696	0.1715	0.157	2.5365	0.0544	0.0576		
		
5:00	37.00	0.2081	0.1992	0.1902	0.1699	0.3181	0.1708	0.1799	0.1629	0.2681	0.1832	0.1952	0.0562		
		0.1679	0.2042	0.2024	0.188	0.1751	0.1695	0.1823	0.1788	0.1698	0.1868	0.1683	0.0536		
		0.1888	0.214	0.1927	0.1989	0.1916	0.2327	0.1694	0.1744	0.1586	0.0447	0.0914	0.0552		
		0.1949	0.1983	0.1933	0.1725	0.2017	0.191	0.173	0.1848	0.1664	0.3506	0.0923	0.0536		
		0.1645	0.2076	0.1947	0.2264	0.2215	0.1743	0.1799	0.1754	0.1787	0.6889	0.0924	0.0537		
		0.1907	0.1866	0.183	0.1677	0.187	0.1757	0.4425	0.1868	0.1744	1.0052	0.0551	0.0538		
		0.1898	0.1982	0.2088	0.1999	0.2168	0.1739	0.2375	0.2067	0.1978	1.3069	0.0536	0.0545		
		0.2014	0.2615	0.199	0.1775	0.1599	0.1989	0.1772	0.1769	0.1599	2.5449	0.0543	0.0574		
		
6:00	37.00	0.2073	0.1997	0.1908	0.174	0.2998	0.1781	0.1901	0.17	0.2175	0.1922	0.1966	0.0562		
		0.171	0.2047	0.2023	0.1921	0.1825	0.1762	0.1839	0.1834	0.1747	0.1901	0.1701	0.0537		
		0.1949	0.2148	0.1936	0.2082	0.1944	0.2503	0.1757	0.178	0.1653	0.0448	0.0908	0.0551		
		0.195	0.2032	0.195	0.1762	0.2042	0.1934	0.1767	0.1897	0.1683	0.3506	0.0912	0.0536		
		0.1678	0.2107	0.1983	0.2313	0.2251	0.1803	0.1833	0.1815	0.1811	0.6881	0.0915	0.0538		
		0.1905	0.1869	0.1851	0.1736	0.1937	0.1824	0.4851	0.1897	0.1762	1.0041	0.0551	0.0538		
		0.193	0.1996	0.2179	0.204	0.219	0.1807	0.2584	0.212	0.1989	1.306	0.0537	0.0545		
		0.2055	0.2719	0.1993	0.1833	0.1663	0.2081	0.1846	0.1828	0.1644	2.5425	0.0543	0.0574		
		
7:00	37.00	0.2056	0.2004	0.1907	0.1791	0.2587	0.1853	0.1959	0.1767	0.27	0.2009	0.1977	0.0561		
		0.1718	0.2049	0.2043	0.1966	0.19	0.183	0.1855	0.1914	0.1799	0.1949	0.1703	0.0537		
		0.2015	0.2161	0.1957	0.218	0.1984	0.2688	0.1834	0.1822	0.171	0.0447	0.0906	0.0551		
		0.1977	0.2035	0.1962	0.1812	0.207	0.1963	0.1806	0.1941	0.1708	0.3503	0.0902	0.0536		
		0.17	0.2132	0.2013	0.2382	0.2299	0.1862	0.1874	0.1882	0.1867	0.6878	0.0907	0.0537		
		0.1914	0.1902	0.1882	0.1795	0.2005	0.1887	0.5266	0.1934	0.1774	1.0033	0.0551	0.0538		
		0.1951	0.2008	0.228	0.2049	0.2211	0.1894	0.2813	0.2182	0.2001	1.3066	0.0536	0.0544		
		0.2099	0.2847	0.2015	0.1914	0.1734	0.2173	0.1916	0.1898	0.1702	2.5425	0.0543	0.0575		
		
8:00	37.00	0.2076	0.1998	0.19	0.1848	0.2772	0.193	0.2051	0.1833	0.2266	0.2102	0.1996	0.0561		
		0.1741	0.204	0.2052	0.2033	0.1975	0.1899	0.1869	0.1985	0.1852	0.1996	0.1715	0.0537		
		0.2122	0.2181	0.1963	0.2275	0.2011	0.2881	0.1911	0.1875	0.1779	0.0447	0.0901	0.0551		
		0.1987	0.2123	0.1968	0.1861	0.2093	0.1989	0.1847	0.1994	0.1729	0.35	0.089	0.0537		
		0.1751	0.2162	0.2062	0.2446	0.234	0.1927	0.192	0.1962	0.188	0.687	0.0898	0.0537		
		0.1919	0.1917	0.1908	0.1858	0.2076	0.1953	0.5655	0.1979	0.1797	1.0026	0.0551	0.0538		
		0.1998	0.2026	0.24	0.2074	0.2259	0.1959	0.306	0.224	0.2023	1.3047	0.0537	0.0544		
		0.2179	0.2977	0.2031	0.1997	0.1791	0.2272	0.2004	0.1974	0.1756	2.5479	0.0545	0.0575		
		
9:00	37.00	0.2067	0.201	0.1907	0.192	0.2457	0.2005	0.2133	0.1901	0.2319	0.2188	0.2013	0.0561		
		0.1769	0.206	0.2074	0.2102	0.2047	0.1971	0.1924	0.2012	0.1911	0.2039	0.1725	0.0536		
		0.2199	0.2182	0.1962	0.2374	0.2032	0.3074	0.1986	0.1928	0.1847	0.0446	0.0894	0.0551		
		0.2025	0.2123	0.199	0.1915	0.2116	0.2002	0.1886	0.2051	0.1752	0.3496	0.0884	0.0536		
		0.18	0.2192	0.2116	0.2521	0.2379	0.1986	0.1967	0.2044	0.1909	0.6869	0.089	0.0537		
		0.1924	0.1939	0.1919	0.1916	0.2144	0.2016	0.6022	0.2029	0.1829	1.0023	0.0551	0.0537		
		0.2038	0.2053	0.2521	0.2086	0.2292	0.203	0.3305	0.2296	0.2018	1.3055	0.0536	0.0544		
		0.2262	0.3136	0.2043	0.2085	0.1856	0.2365	0.2074	0.2039	0.1814	2.5462	0.0543	0.0574		
		
10:00	37.00	0.211	0.2004	0.191	0.1996	0.3071	0.2081	0.2243	0.1971	0.2375	0.2285	0.2038	0.0561		
		0.1798	0.2083	0.2077	0.2156	0.2119	0.2044	0.1893	0.2148	0.1978	0.2086	0.175	0.0537		
		0.2299	0.2199	0.1995	0.2476	0.2061	0.3266	0.2064	0.1989	0.1913	0.0447	0.0894	0.055		
		0.2076	0.2153	0.1997	0.1969	0.2112	0.2036	0.1922	0.2113	0.1782	0.3495	0.088	0.0536		
		0.186	0.2204	0.2161	0.2587	0.2394	0.2047	0.2026	0.2128	0.1941	0.6869	0.0884	0.0537		
		0.1935	0.1957	0.1937	0.1979	0.222	0.2089	0.6364	0.2081	0.1848	1.0007	0.0551	0.0539		
		0.2093	0.2061	0.2655	0.2104	0.2309	0.2106	0.3567	0.2369	0.2004	1.3032	0.0537	0.0545		
		0.2363	0.3329	0.2077	0.2175	0.1918	0.2462	0.2156	0.2126	0.1873	2.5525	0.0543	0.0576		
		
11:00	37.00	0.2143	0.202	0.1904	0.2078	0.3213	0.2153	0.2307	0.2038	0.2422	0.2372	0.2049	0.056		
		0.186	0.2098	0.2088	0.2229	0.2196	0.2109	0.193	0.216	0.2053	0.2127	0.1782	0.0536		
		0.2415	0.2197	0.1986	0.2565	0.2105	0.3463	0.2093	0.205	0.197	0.0446	0.0892	0.0551		
		0.2126	0.2168	0.2017	0.2042	0.2137	0.2071	0.1972	0.2174	0.1827	0.3494	0.0873	0.0536		
		0.1917	0.2204	0.2227	0.2688	0.2443	0.2113	0.2076	0.2216	0.1988	0.6872	0.0881	0.0537		
		0.1963	0.1988	0.1983	0.2043	0.23	0.2159	0.6682	0.2137	0.1866	1.0008	0.0551	0.0538		
		0.2157	0.207	0.2784	0.2127	0.2338	0.2191	0.3841	0.243	0.1992	1.3049	0.0536	0.0544		
		0.2471	0.3536	0.208	0.2267	0.1988	0.2563	0.2224	0.2185	0.1939	2.5515	0.0545	0.0575		
		
12:00	37.00	0.2206	0.2013	0.1909	0.2152	0.3288	0.2236	0.2386	0.2114	0.2537	0.2464	0.2067	0.0561		
		0.1907	0.2113	0.2074	0.2311	0.2267	0.2183	0.1974	0.2244	0.2125	0.2186	0.1834	0.0535		
		0.2506	0.2218	0.2002	0.267	0.2144	0.3652	0.2179	0.2113	0.2036	0.0447	0.0886	0.055		
		0.2191	0.2303	0.2014	0.2101	0.2156	0.211	0.2035	0.2249	0.1876	0.349	0.0867	0.0536		
		0.1972	0.2239	0.2286	0.2797	0.2485	0.2171	0.2137	0.2298	0.2037	0.6858	0.0878	0.0537		
		0.1977	0.202	0.2022	0.2102	0.2403	0.2235	0.6984	0.2199	0.19	0.9998	0.055	0.0537		
		0.2227	0.2094	0.2905	0.2163	0.2354	0.2263	0.4117	0.2501	0.1982	1.3019	0.0535	0.0543		
		0.2579	0.3713	0.2108	0.235	0.2055	0.2666	0.2299	0.2254	0.2002	2.5534	0.0544	0.0575		
		
13:00	37.00	0.2266	0.2019	0.1946	0.2235	0.3113	0.2314	0.2471	0.2181	0.2565	0.2547	0.2097	0.056		
		0.1965	0.2153	0.2098	0.2393	0.2341	0.2249	0.202	0.2334	0.2203	0.2234	0.1887	0.0535		
		0.261	0.225	0.2039	0.2764	0.2197	0.3842	0.2253	0.2176	0.21	0.0446	0.0883	0.055		
		0.2264	0.2275	0.2041	0.2163	0.2198	0.215	0.2092	0.2318	0.1924	0.3493	0.0862	0.0535		
		0.2034	0.2308	0.2366	0.2908	0.2539	0.2229	0.2204	0.2387	0.2094	0.6853	0.0871	0.0537		
		0.2016	0.2076	0.2077	0.2168	0.2506	0.2299	0.7289	0.2265	0.193	0.9992	0.0551	0.0538		
		0.2295	0.2125	0.3028	0.2195	0.2374	0.2344	0.4402	0.2573	0.199	1.3021	0.0535	0.0544		
		0.269	0.3914	0.2152	0.2453	0.2113	0.2756	0.2362	0.2325	0.2054	2.5522	0.0543	0.0575		
		
14:00	37.00	0.2349	0.2055	0.1985	0.2305	0.3078	0.2395	0.2549	0.2254	0.2723	0.2636	0.2152	0.0561		
		0.2031	0.2176	0.2138	0.2485	0.2419	0.2327	0.21	0.2409	0.2275	0.2292	0.1939	0.0537		
		0.2706	0.2302	0.208	0.2863	0.2266	0.4035	0.2333	0.224	0.2165	0.0447	0.0882	0.0551		
		0.2344	0.2349	0.2096	0.2236	0.2252	0.2194	0.2161	0.2391	0.1977	0.3485	0.0861	0.0536		
		0.2099	0.2394	0.2449	0.3021	0.2629	0.2291	0.2284	0.2473	0.2156	0.6854	0.0869	0.0537		
		0.2073	0.2142	0.213	0.2233	0.2608	0.2377	0.7547	0.2337	0.1981	0.9987	0.0551	0.0538		
		0.2371	0.2158	0.315	0.2273	0.2417	0.2428	0.4723	0.2643	0.2024	1.3023	0.0536	0.0545		
		0.2806	0.4125	0.2211	0.2551	0.218	0.2853	0.2441	0.2401	0.2124	2.5523	0.0544	0.0575		
		
15:00	37.00	0.2447	0.2113	0.2029	0.2393	0.3525	0.2477	0.2635	0.2324	0.2739	0.2735	0.2212	0.056		
		0.2094	0.2249	0.2208	0.2575	0.249	0.2395	0.2141	0.2504	0.2351	0.2366	0.1993	0.0536		
		0.2815	0.2374	0.211	0.297	0.2331	0.4225	0.2417	0.2306	0.2229	0.0446	0.0878	0.055		
		0.2421	0.2456	0.2149	0.2301	0.2311	0.2245	0.2239	0.2475	0.2025	0.3498	0.0857	0.0536		
		0.2168	0.2476	0.2533	0.313	0.2716	0.237	0.2348	0.2564	0.2239	0.6859	0.0864	0.0536		
		0.2128	0.2216	0.2188	0.2289	0.2708	0.2444	0.7812	0.241	0.2022	0.9994	0.055	0.0537		
		0.2449	0.2222	0.3282	0.2316	0.2493	0.2508	0.5024	0.2719	0.2048	1.3021	0.0536	0.0544		
		0.2911	0.4325	0.2271	0.2636	0.2259	0.2956	0.2523	0.2474	0.218	2.5537	0.0543	0.0575		
		
16:00	37.00	0.2529	0.2167	0.2082	0.2469	0.3402	0.2556	0.2713	0.2393	0.2991	0.2825	0.2266	0.0561		
		0.215	0.2313	0.2263	0.2657	0.2556	0.2471	0.2183	0.2573	0.2432	0.2444	0.2053	0.0536		
		0.2914	0.2447	0.2178	0.3067	0.2397	0.4417	0.2486	0.2373	0.2293	0.0448	0.0876	0.0551		
		0.2488	0.2653	0.2216	0.2373	0.2371	0.23	0.2313	0.255	0.2082	0.3487	0.0852	0.0536		
		0.2212	0.2566	0.2627	0.3244	0.2796	0.2435	0.2427	0.2654	0.2291	0.6846	0.0863	0.0537		
		0.219	0.2289	0.2245	0.2356	0.281	0.2515	0.8047	0.2476	0.2079	0.999	0.0551	0.0538		
		0.2523	0.2293	0.3418	0.2399	0.255	0.2578	0.5344	0.2792	0.2106	1.3	0.0536	0.0544		
		0.3025	0.4538	0.2336	0.2738	0.2312	0.3066	0.2595	0.2548	0.2238	2.5545	0.0543	0.0574		
		
17:00	37.00	0.2589	0.223	0.2134	0.2561	0.3652	0.2642	0.2792	0.2455	0.279	0.2915	0.2337	0.0561		
		0.221	0.2382	0.2329	0.2748	0.2637	0.2538	0.2242	0.2662	0.2508	0.2527	0.2119	0.0537		
		0.3015	0.2517	0.2234	0.3171	0.2469	0.4586	0.256	0.2435	0.236	0.0447	0.0872	0.0551		
		0.2571	0.2705	0.2265	0.2449	0.2443	0.2354	0.2398	0.2623	0.2131	0.3487	0.0851	0.0537		
		0.2266	0.264	0.2709	0.3369	0.2898	0.2484	0.2499	0.2735	0.2375	0.6844	0.0861	0.0537		
		0.2249	0.236	0.2307	0.2428	0.2923	0.2586	0.8293	0.2546	0.2131	0.9978	0.0551	0.0538		
		0.261	0.236	0.3547	0.2469	0.2645	0.2643	0.5661	0.2855	0.2147	1.3002	0.0535	0.0544		
		0.3144	0.4727	0.2394	0.2828	0.2393	0.3162	0.2664	0.261	0.2303	2.5551	0.0543	0.0575		
		
18:00	37.00	0.2681	0.2297	0.2195	0.2656	0.3458	0.2719	0.2875	0.2517	0.2852	0.2996	0.2403	0.0561		
		0.2263	0.2466	0.2395	0.2839	0.2707	0.2609	0.2296	0.2762	0.2585	0.2608	0.2162	0.0536		
		0.3124	0.2595	0.2315	0.3265	0.253	0.4764	0.262	0.2501	0.2428	0.0447	0.087	0.0551		
		0.2638	0.2745	0.2318	0.2514	0.25	0.2414	0.2473	0.2705	0.2178	0.3486	0.0849	0.0536		
		0.2329	0.2741	0.2791	0.3497	0.298	0.2545	0.2567	0.2822	0.2425	0.6843	0.0852	0.0536		
		0.2309	0.2433	0.2363	0.2488	0.3023	0.2655	0.8503	0.2612	0.218	0.9976	0.0551	0.0538		
		0.269	0.2438	0.3679	0.2524	0.2712	0.2723	0.5999	0.2923	0.2208	1.299	0.0536	0.0544		
		0.3253	0.4925	0.2467	0.2919	0.2459	0.326	0.2741	0.2683	0.2362	2.554	0.0543	0.0575		
		
19:00	37.00	0.2766	0.236	0.2249	0.2736	0.3616	0.2815	0.2962	0.2592	0.2882	0.3105	0.2469	0.0562		
		0.2328	0.2542	0.2464	0.2926	0.278	0.2694	0.2356	0.2821	0.2658	0.2685	0.2227	0.0536		
		0.3224	0.2676	0.2359	0.3356	0.2592	0.4951	0.2699	0.2569	0.2499	0.0448	0.0869	0.0551		
		0.2719	0.2778	0.2386	0.2582	0.2563	0.2484	0.2554	0.2777	0.223	0.3487	0.0844	0.0536		
		0.2391	0.2832	0.2879	0.3621	0.3077	0.2615	0.266	0.2918	0.2499	0.6842	0.0853	0.0537		
		0.2372	0.2506	0.2421	0.2552	0.3127	0.2739	0.8699	0.2689	0.2226	0.9973	0.055	0.0538		
		0.2762	0.2516	0.3813	0.2609	0.2803	0.2801	0.629	0.2992	0.2252	1.299	0.0536	0.0543		
		0.3379	0.513	0.2532	0.3032	0.2534	0.3372	0.2835	0.2768	0.2437	2.5527	0.0544	0.0575		
		
20:00	37.00	0.2817	0.2413	0.23	0.2807	0.3634	0.2897	0.3036	0.2643	0.2924	0.3182	0.2523	0.0561		
		0.2377	0.2597	0.2526	0.3013	0.2847	0.2759	0.2412	0.2914	0.2742	0.2749	0.2272	0.0536		
		0.3308	0.275	0.2428	0.3467	0.2657	0.5111	0.2773	0.2627	0.256	0.0448	0.0869	0.0552		
		0.28	0.2871	0.2455	0.2657	0.2618	0.2544	0.2631	0.2854	0.2279	0.3486	0.0845	0.0535		
		0.2452	0.291	0.2976	0.3708	0.3156	0.267	0.2724	0.299	0.2561	0.6846	0.085	0.0537		
		0.2425	0.2579	0.2474	0.2607	0.3229	0.2804	0.8897	0.2756	0.2281	0.9972	0.0551	0.0538		
		0.2842	0.2575	0.3948	0.2672	0.2873	0.2868	0.6582	0.3059	0.2299	1.2982	0.0535	0.0544		
		0.3489	0.5299	0.2591	0.3114	0.261	0.3463	0.2891	0.2832	0.2471	2.5556	0.0543	0.0575		
		
21:00	37.00	0.2912	0.2496	0.2368	0.2889	0.4031	0.2984	0.3115	0.2716	0.3118	0.3278	0.2607	0.056		
		0.245	0.2674	0.2615	0.3114	0.2921	0.2831	0.2469	0.2989	0.2825	0.2824	0.2347	0.0536		
		0.3416	0.2832	0.2505	0.3565	0.2726	0.528	0.2837	0.269	0.264	0.0446	0.0864	0.0551		
		0.2883	0.2953	0.2524	0.2727	0.2689	0.2612	0.2717	0.2936	0.2347	0.3487	0.0841	0.0536		
		0.2496	0.3012	0.3066	0.3824	0.3241	0.2735	0.2807	0.3078	0.265	0.6843	0.0844	0.0537		
		0.2498	0.2653	0.2551	0.2684	0.3333	0.2876	0.9076	0.2831	0.2338	0.9969	0.0551	0.0538		
		0.2921	0.2663	0.4093	0.2753	0.2974	0.2948	0.6617	0.3133	0.2339	1.2974	0.0535	0.0544		
		0.3601	0.5497	0.2663	0.3224	0.2665	0.3564	0.2975	0.2904	0.2542	2.5548	0.0544	0.0574		
		
22:00	37.00	0.2994	0.2552	0.2437	0.2966	0.379	0.3059	0.3191	0.2789	0.3135	0.337	0.2665	0.0562		
		0.2511	0.2775	0.2673	0.3194	0.2995	0.2913	0.252	0.308	0.2902	0.2914	0.2396	0.0537		
		0.3513	0.2919	0.2566	0.3661	0.279	0.5444	0.291	0.275	0.2692	0.0447	0.0862	0.055		
		0.2971	0.3075	0.2585	0.28	0.2747	0.2665	0.2794	0.3011	0.2395	0.3484	0.0837	0.0535		
		0.2556	0.3096	0.3158	0.394	0.3329	0.279	0.2882	0.3166	0.27	0.6838	0.0845	0.0537		
		0.2562	0.2725	0.2611	0.2752	0.3434	0.2949	0.9261	0.2899	0.2401	0.9967	0.0551	0.0537		
		0.2994	0.2743	0.423	0.2832	0.3044	0.3019	0.6732	0.3218	0.2374	1.2969	0.0536	0.0544		
		0.3721	0.5683	0.2729	0.3304	0.272	0.3668	0.3046	0.2971	0.259	2.5532	0.0543	0.0574		
		
23:00	37.00	0.3073	0.2627	0.2483	0.3051	0.3849	0.3148	0.3261	0.2858	0.3222	0.3475	0.2746	0.0562		
		0.2568	0.2824	0.2736	0.3287	0.3068	0.2981	0.2634	0.3157	0.2977	0.3004	0.2445	0.0536		
		0.3619	0.3006	0.2638	0.3771	0.2856	0.5629	0.2993	0.2822	0.2779	0.0447	0.0863	0.055		
		0.3055	0.3206	0.2646	0.2876	0.2816	0.2732	0.2878	0.3086	0.2448	0.3485	0.0832	0.0536		
		0.2628	0.3196	0.3247	0.4068	0.3435	0.2863	0.2957	0.3252	0.2777	0.6835	0.0844	0.0536		
		0.2623	0.2804	0.2674	0.2823	0.3544	0.3021	0.9432	0.297	0.2459	0.9965	0.055	0.0537		
		0.3085	0.2822	0.4377	0.2912	0.3132	0.3094	0.6876	0.3285	0.2433	1.2963	0.0536	0.0544		
		0.3839	0.5848	0.2811	0.3408	0.2789	0.378	0.3126	0.3035	0.2685	2.5517	0.0544	0.0575		
		
24:00	37.00	0.3152	0.2683	0.2533	0.314	0.3877	0.3232	0.3356	0.2917	0.3249	0.3563	0.2812	0.056		
		0.2636	0.2897	0.2811	0.3371	0.3134	0.3052	0.2641	0.3235	0.3058	0.3069	0.2505	0.0535		
		0.3714	0.309	0.2715	0.387	0.292	0.5773	0.3048	0.2881	0.2848	0.0446	0.0861	0.0551		
		0.3143	0.3296	0.2706	0.294	0.2875	0.2793	0.2957	0.3165	0.2506	0.3482	0.0831	0.0536		
		0.2702	0.3278	0.3332	0.4186	0.3516	0.2916	0.3031	0.3329	0.2848	0.683	0.0839	0.0536		
		0.2689	0.287	0.2733	0.2881	0.3646	0.3088	0.9582	0.3037	0.2516	0.996	0.0551	0.0537		
		0.3151	0.2892	0.4485	0.2981	0.3201	0.3163	0.7215	0.3358	0.2476	1.296	0.0535	0.0543		
		0.3951	0.6021	0.2871	0.3491	0.285	0.3874	0.3196	0.3108	0.2716	2.5522	0.0544	0.0575		
		
25:00	37.00	0.3233	0.2745	0.2598	0.3208	0.4053	0.3322	0.3419	0.2984	0.3317	0.3664	0.2879	0.056		
		0.2696	0.2986	0.2869	0.3449	0.3211	0.3137	0.2698	0.3329	0.3134	0.3146	0.2559	0.0537		
		0.3807	0.3165	0.2777	0.3971	0.299	0.5919	0.3113	0.2944	0.2928	0.0445	0.086	0.0551		
		0.3232	0.3369	0.2774	0.3014	0.2942	0.2852	0.3032	0.3238	0.2559	0.3483	0.0832	0.0536		
		0.2748	0.3374	0.3422	0.4293	0.3611	0.2982	0.3105	0.341	0.2918	0.6833	0.0836	0.0537		
		0.2754	0.2946	0.2795	0.2959	0.3746	0.3166	0.9724	0.3124	0.257	0.9961	0.0551	0.0538		
		0.3223	0.2971	0.4618	0.3047	0.3288	0.3243	0.7513	0.3417	0.2525	1.2977	0.0535	0.0543		
		0.4069	0.6173	0.2936	0.358	0.2902	0.3982	0.3263	0.3171	0.2777	2.5525	0.0543	0.0574		
		
26:00	37.00	0.333	0.2815	0.267	0.3302	0.4054	0.3402	0.3492	0.3045	0.349	0.3754	0.2956	0.056		
		0.2759	0.3088	0.2944	0.3547	0.3282	0.3205	0.2756	0.3388	0.321	0.3231	0.261	0.0536		
		0.391	0.3249	0.284	0.408	0.3059	0.6077	0.3193	0.3007	0.3019	0.0447	0.0859	0.055		
		0.3325	0.3495	0.284	0.3077	0.3006	0.2918	0.3121	0.332	0.2606	0.3482	0.083	0.0536		
		0.2798	0.3459	0.351	0.4406	0.3702	0.305	0.3172	0.3491	0.299	0.6836	0.0836	0.0537		
		0.2834	0.3026	0.2856	0.3031	0.3859	0.3238	0.9888	0.3185	0.2632	0.9952	0.0551	0.0538		
		0.3311	0.3053	0.476	0.3137	0.3371	0.331	0.7805	0.3498	0.2578	1.2943	0.0536	0.0544		
		0.4177	0.6343	0.3024	0.3683	0.2969	0.4086	0.3346	0.3247	0.2814	2.5552	0.0544	0.0575		
		
27:00	37.00	0.341	0.2889	0.2712	0.3389	0.4258	0.3473	0.3567	0.3107	0.3495	0.3854	0.3032	0.056		
		0.2817	0.3178	0.3017	0.3632	0.3353	0.329	0.2836	0.3506	0.3289	0.331	0.2669	0.0536		
		0.4005	0.3346	0.2923	0.4182	0.3128	0.624	0.3258	0.307	0.3092	0.0445	0.0857	0.055		
		0.3414	0.3595	0.2908	0.3152	0.3068	0.2975	0.3204	0.3404	0.2659	0.3484	0.0827	0.0536		
		0.2876	0.3555	0.3593	0.4509	0.3802	0.3125	0.3242	0.3579	0.306	0.6837	0.0829	0.0537		
		0.2897	0.3104	0.2914	0.3111	0.3956	0.3308	1.0014	0.3252	0.2673	0.9958	0.0552	0.0538		
		0.3392	0.3139	0.4914	0.3225	0.3458	0.3384	0.8068	0.3571	0.263	1.295	0.0536	0.0544		
		0.4308	0.6475	0.3086	0.3767	0.3033	0.4198	0.3415	0.3306	0.2887	2.5537	0.0543	0.0573		
		
28:00	37.00	0.3495	0.2948	0.2778	0.3456	0.4232	0.3537	0.3642	0.318	0.3577	0.3961	0.3109	0.056		
		0.2875	0.3256	0.3081	0.372	0.3425	0.3363	0.2863	0.3564	0.336	0.339	0.2713	0.0536		
		0.4109	0.3426	0.2998	0.4292	0.3196	0.6391	0.333	0.3132	0.316	0.0446	0.0855	0.0551		
		0.3513	0.3718	0.2979	0.3224	0.3134	0.3037	0.3281	0.348	0.2715	0.348	0.0826	0.0536		
		0.2947	0.3643	0.3688	0.4621	0.3893	0.3188	0.3324	0.3667	0.3138	0.6833	0.0829	0.0537		
		0.2977	0.3178	0.2968	0.3195	0.4054	0.3382	1.0145	0.3328	0.275	0.9955	0.0551	0.0538		
		0.3475	0.3214	0.5033	0.3303	0.3539	0.3455	0.8324	0.3651	0.2691	1.2952	0.0536	0.0544		
		0.4415	0.6621	0.3154	0.3869	0.3092	0.431	0.3485	0.3378	0.2938	2.553	0.0543	0.0574		
		
29:00	37.00	0.3594	0.3013	0.2846	0.3548	0.4306	0.3611	0.3724	0.3238	0.3656	0.4069	0.3194	0.056		
		0.2945	0.3331	0.3157	0.3808	0.3496	0.3445	0.2945	0.3651	0.3441	0.3476	0.2763	0.0536		
		0.4207	0.3514	0.3056	0.4397	0.326	0.6538	0.3396	0.3195	0.3213	0.0447	0.0853	0.055		
		0.3601	0.382	0.3045	0.3291	0.3212	0.3095	0.3363	0.3563	0.2766	0.3479	0.0822	0.0535		
		0.2999	0.3745	0.3782	0.4737	0.3987	0.3268	0.3406	0.3742	0.3206	0.6828	0.0829	0.0537		
		0.3037	0.3255	0.3037	0.3289	0.4162	0.3456	1.0279	0.3412	0.2813	0.9956	0.0551	0.0537		
		0.3557	0.3295	0.5167	0.3394	0.3627	0.3534	0.858	0.3727	0.2733	1.2945	0.0536	0.0543		
		0.4537	0.6773	0.3234	0.3955	0.3163	0.4421	0.3557	0.3438	0.2995	2.5518	0.0544	0.0574		
		
30:00	37.00	0.3673	0.3073	0.2901	0.3637	0.4485	0.3691	0.3803	0.3307	0.3689	0.4151	0.3257	0.0561		
		0.3009	0.3373	0.3224	0.3895	0.3577	0.3528	0.2964	0.3721	0.3511	0.3556	0.2814	0.0536		
		0.4307	0.3624	0.3137	0.4499	0.3335	0.6688	0.3465	0.3257	0.3267	0.0446	0.0852	0.055		
		0.3698	0.3936	0.3106	0.3368	0.3256	0.3169	0.3442	0.3638	0.2815	0.3482	0.082	0.0536		
		0.3072	0.3849	0.3866	0.4848	0.4062	0.3343	0.3468	0.3822	0.3274	0.6831	0.0825	0.0536		
		0.313	0.3327	0.3092	0.3351	0.4259	0.3525	1.0409	0.3481	0.287	0.9955	0.0552	0.0538		
		0.3647	0.3375	0.5299	0.347	0.3715	0.3607	0.8794	0.3787	0.2786	1.2952	0.0536	0.0544		
		0.4654	0.6897	0.3304	0.4055	0.3224	0.4525	0.3628	0.3515	0.3048	2.5524	0.0543	0.0574		
		
31:00	37.00	0.3758	0.3142	0.2964	0.3716	0.4538	0.3765	0.3892	0.3366	0.3684	0.4175	0.3337	0.0559		
		0.307	0.3467	0.3312	0.3985	0.366	0.3596	0.3038	0.381	0.3588	0.3632	0.2859	0.0535		
		0.4409	0.3695	0.3204	0.4603	0.3406	0.6845	0.3536	0.3324	0.3333	0.0446	0.0851	0.0551		
		0.3813	0.4039	0.3175	0.3436	0.3325	0.3234	0.3524	0.3718	0.2866	0.3479	0.0816	0.0535		
		0.3139	0.3933	0.3956	0.4962	0.4186	0.3421	0.3549	0.3908	0.3352	0.6834	0.0825	0.0536		
		0.3174	0.3421	0.3158	0.3407	0.4366	0.3605	1.0511	0.3552	0.2919	0.9952	0.055	0.0537		
		0.3725	0.3456	0.5458	0.3547	0.3795	0.3669	0.9023	0.387	0.2856	1.2944	0.0535	0.0543		
		0.4772	0.7018	0.3375	0.4154	0.3276	0.4639	0.3707	0.3579	0.3109	2.5508	0.0544	0.0574		
		
32:00	37.00	0.3849	0.3205	0.3016	0.3803	0.4622	0.3827	0.397	0.3434	0.3796	0.4265	0.3408	0.056		
		0.3148	0.3553	0.3386	0.4068	0.3736	0.3694	0.3098	0.3928	0.3673	0.3718	0.2894	0.0536		
		0.4502	0.3774	0.3266	0.4684	0.3466	0.699	0.3601	0.3388	0.3402	0.0447	0.085	0.0551		
		0.3881	0.416	0.3241	0.3508	0.3401	0.3284	0.3607	0.3813	0.2917	0.348	0.0817	0.0535		
		0.3196	0.4025	0.4038	0.5072	0.4257	0.3514	0.3624	0.3991	0.3416	0.6829	0.0824	0.0537		
		0.3242	0.348	0.3211	0.3454	0.4464	0.3674	1.0641	0.363	0.2985	0.9943	0.0551	0.0537		
		0.3797	0.3541	0.5579	0.3642	0.3884	0.3742	0.9243	0.3953	0.2888	1.2928	0.0536	0.0544		
		0.488	0.715	0.3444	0.4234	0.3346	0.4749	0.3767	0.3639	0.317	2.553	0.0544	0.0575		
		
33:00	37.00	0.3938	0.3277	0.3086	0.3894	0.4728	0.3912	0.4057	0.3494	0.3819	0.4339	0.3509	0.0561		
		0.3208	0.3615	0.348	0.4151	0.3822	0.3788	0.3131	0.3952	0.3747	0.379	0.2945	0.0537		
		0.4603	0.3862	0.3338	0.474	0.3548	0.715	0.3647	0.3447	0.3456	0.0445	0.085	0.0551		
		0.3969	0.4279	0.3313	0.3596	0.3461	0.3341	0.3693	0.3875	0.2961	0.3481	0.0815	0.0536		
		0.327	0.412	0.4122	0.5174	0.4348	0.3579	0.3698	0.4078	0.3487	0.6824	0.0822	0.0536		
		0.3321	0.3558	0.3271	0.3517	0.4572	0.3757	1.076	0.3707	0.3052	0.994	0.0551	0.0538		
		0.3888	0.3628	0.5706	0.3691	0.3963	0.3811	0.9472	0.4046	0.2961	1.2927	0.0536	0.0543		
		0.5003	0.7277	0.3521	0.4344	0.3403	0.4864	0.385	0.3712	0.3228	2.5521	0.0544	0.0575		
		
34:00	37.00	0.4037	0.3336	0.3146	0.3996	0.4867	0.3986	0.4142	0.3555	0.3917	0.4423	0.3574	0.056		
		0.3284	0.3703	0.3564	0.425	0.391	0.3866	0.3192	0.4049	0.3828	0.3866	0.2995	0.0535		
		0.4699	0.3926	0.3413	0.4761	0.362	0.7271	0.3735	0.3517	0.3523	0.0446	0.0848	0.055		
		0.4063	0.4395	0.3377	0.3658	0.3524	0.3414	0.3772	0.3948	0.302	0.3478	0.0812	0.0536		
		0.3353	0.4216	0.4213	0.5273	0.4445	0.3645	0.3775	0.4156	0.3557	0.6824	0.0821	0.0536		
		0.3397	0.3641	0.3327	0.3572	0.4667	0.384	1.0881	0.3778	0.3108	0.9944	0.0551	0.0538		
		0.3979	0.371	0.5846	0.3791	0.4055	0.3889	0.9705	0.4117	0.3005	1.2933	0.0536	0.0543		
		0.5116	0.7407	0.3591	0.4442	0.3464	0.498	0.3927	0.3781	0.3302	2.552	0.0543	0.0574		
		
35:00	37.00	0.4125	0.3403	0.3207	0.4084	0.497	0.4069	0.4226	0.363	0.3965	0.4522	0.3646	0.0561		
		0.3349	0.3785	0.3744	0.4343	0.399	0.3928	0.3275	0.4127	0.3887	0.3968	0.3037	0.0536		
		0.4802	0.4016	0.3491	0.4802	0.3691	0.7394	0.3794	0.3589	0.3595	0.0446	0.0848	0.055		
		0.4164	0.4591	0.344	0.3749	0.3585	0.3468	0.3852	0.4006	0.3065	0.3479	0.081	0.0536		
		0.3418	0.4318	0.4314	0.5385	0.4535	0.3693	0.3862	0.425	0.3643	0.6825	0.0821	0.0536		
		0.346	0.3714	0.3384	0.3638	0.4757	0.3919	1.0986	0.386	0.3135	0.9939	0.055	0.0537		
		0.4088	0.3799	0.5961	0.3903	0.4152	0.3956	0.9934	0.4199	0.307	1.2935	0.0535	0.0544		
		0.5255	0.7521	0.3732	0.4549	0.3527	0.5056	0.3982	0.3847	0.3374	2.5498	0.0544	0.0574		
		
36:00	37.00	0.4208	0.3468	0.3276	0.4167	0.5058	0.413	0.4303	0.3678	0.3955	0.4594	0.3702	0.0561		
		0.3422	0.3874	0.3753	0.4439	0.4072	0.3987	0.3293	0.4218	0.3972	0.4053	0.3096	0.0537		
		0.4888	0.408	0.3569	0.4885	0.3766	0.7546	0.3867	0.3646	0.365	0.0446	0.0847	0.0551		
		0.4257	0.4648	0.3501	0.3813	0.364	0.3536	0.3935	0.41	0.3114	0.348	0.081	0.0536		
		0.3505	0.4398	0.4391	0.5482	0.4618	0.3746	0.3948	0.4331	0.3699	0.6829	0.0818	0.0537		
		0.3535	0.3778	0.3438	0.3703	0.4879	0.401	1.1119	0.3942	0.3208	0.9942	0.0551	0.0538		
		0.4164	0.3876	0.6081	0.3944	0.4235	0.4007	1.014	0.426	0.3126	1.2938	0.0536	0.0544		
		0.5357	0.762	0.3782	0.4652	0.3582	0.5079	0.4053	0.3905	0.3432	2.5499	0.0543	0.0574		
		
37:00	37.00	0.4305	0.3529	0.3347	0.4266	0.5176	0.4205	0.44	0.3739	0.4028	0.4687	0.3784	0.056		
		0.3511	0.3939	0.3858	0.4538	0.4192	0.4046	0.3387	0.4287	0.4056	0.4119	0.3144	0.0535		
		0.4979	0.4173	0.3636	0.4995	0.3841	0.7673	0.3929	0.3708	0.3716	0.0446	0.0844	0.0551		
		0.4347	0.4744	0.3576	0.3891	0.3718	0.359	0.4017	0.4178	0.3166	0.3481	0.0809	0.0536		
		0.3565	0.4497	0.4484	0.5603	0.4712	0.3801	0.4012	0.4429	0.3777	0.6832	0.0818	0.0537		
		0.3621	0.386	0.3506	0.3767	0.4972	0.4108	1.1221	0.402	0.3286	0.9939	0.0551	0.0538		
		0.4246	0.3958	0.6212	0.4025	0.4316	0.409	1.0333	0.4356	0.3163	1.2935	0.0537	0.0544		
		0.5471	0.7732	0.3836	0.4755	0.3643	0.5131	0.4121	0.3967	0.3493	2.5475	0.0544	0.0574		
		
38:00	37.00	0.4405	0.3608	0.3405	0.4366	0.53	0.4283	0.4491	0.3802	0.4091	0.4761	0.3845	0.0561		
		0.3593	0.4019	0.3971	0.4618	0.4277	0.412	0.3401	0.4356	0.4128	0.4208	0.3179	0.0536		
		0.5075	0.4258	0.3705	0.5085	0.3919	0.7609	0.3988	0.378	0.377	0.0446	0.0842	0.0551		
		0.4448	0.4796	0.3644	0.3977	0.3775	0.3664	0.4114	0.4254	0.3212	0.3478	0.0808	0.0536		
		0.3652	0.4599	0.4577	0.5709	0.4798	0.3863	0.4084	0.4512	0.3855	0.6827	0.0815	0.0536		
		0.3708	0.3935	0.3574	0.3822	0.507	0.4217	1.1388	0.4098	0.3362	0.9932	0.055	0.0537		
		0.4353	0.4032	0.6305	0.4117	0.4405	0.415	1.0526	0.4452	0.3221	1.2905	0.0535	0.0544		
		0.5593	0.7843	0.3928	0.4832	0.3705	0.5236	0.4185	0.403	0.3567	2.5483	0.0543	0.0575		
		
39:00	37.00	0.4496	0.3666	0.3474	0.4477	0.5407	0.4363	0.4574	0.3868	0.4197	0.484	0.3924	0.056		
		0.3681	0.4096	0.409	0.4714	0.4342	0.4172	0.3454	0.4427	0.4211	0.4297	0.3224	0.0536		
		0.516	0.4348	0.3773	0.517	0.3987	0.7548	0.4049	0.3844	0.3829	0.0446	0.084	0.0551		
		0.455	0.4879	0.3706	0.4073	0.3835	0.3717	0.4182	0.4337	0.3263	0.3479	0.0805	0.0536		
		0.3727	0.4683	0.4669	0.582	0.4888	0.3922	0.4145	0.4605	0.3943	0.6822	0.0813	0.0537		
		0.3793	0.4023	0.363	0.3877	0.5174	0.4339	1.1582	0.4181	0.3415	0.9929	0.0551	0.0537		
		0.4464	0.4134	0.6299	0.4179	0.4502	0.4224	1.0712	0.453	0.3266	1.2907	0.0536	0.0543		
		0.57	0.7962	0.4011	0.4903	0.3768	0.5335	0.4249	0.4095	0.3678	2.5506	0.0543	0.0575		
		
40:00	37.00	0.4589	0.3735	0.3555	0.4581	0.5527	0.4423	0.4676	0.3922	0.4255	0.4915	0.3993	0.0561		
		0.3761	0.4195	0.4157	0.4822	0.4383	0.4246	0.3559	0.4493	0.4296	0.4373	0.3274	0.0536		
		0.526	0.4426	0.3848	0.5258	0.4053	0.7646	0.4107	0.3923	0.3894	0.0444	0.0841	0.0551		
		0.4647	0.495	0.3774	0.4159	0.3911	0.3785	0.4266	0.4428	0.3309	0.3482	0.0804	0.0536		
		0.3833	0.4782	0.4748	0.5915	0.4995	0.3978	0.4235	0.4693	0.4026	0.683	0.081	0.0536		
		0.3891	0.4095	0.3687	0.3939	0.5264	0.4408	1.1934	0.4261	0.3478	0.9929	0.055	0.0538		
		0.4566	0.421	0.6371	0.4268	0.4586	0.4284	1.088	0.4589	0.3304	1.2927	0.0535	0.0544		
		0.5827	0.8092	0.4108	0.4969	0.3813	0.5439	0.4329	0.4148	0.3833	2.5504	0.0543	0.0574		
		
41:00	37.00	0.4705	0.3809	0.3632	0.4677	0.5644	0.4495	0.4745	0.3988	0.4322	0.5013	0.4073	0.0561		
		0.3849	0.4248	0.421	0.4917	0.4446	0.4329	0.3628	0.4592	0.439	0.4483	0.3323	0.0536		
		0.5358	0.452	0.3924	0.5334	0.4141	0.7788	0.4176	0.4	0.3964	0.0446	0.0842	0.0551		
		0.4754	0.5077	0.3839	0.4278	0.3962	0.3848	0.4336	0.4476	0.3342	0.3478	0.0802	0.0536		
		0.394	0.4876	0.4849	0.6043	0.5081	0.4025	0.4318	0.4815	0.4123	0.6828	0.0813	0.0536		
		0.3956	0.4189	0.3746	0.4011	0.5374	0.4448	1.2148	0.4355	0.3506	0.9923	0.0549	0.0538		
		0.4688	0.4314	0.6503	0.4373	0.4673	0.4351	1.1075	0.4656	0.3381	1.2908	0.0536	0.0543		
		0.5939	0.8217	0.4222	0.5064	0.3886	0.5522	0.4392	0.4227	0.3902	2.5486	0.0544	0.0575		
		
42:00	37.00	0.4779	0.3865	0.3696	0.4721	0.5754	0.4569	0.4798	0.4045	0.4358	0.5085	0.4134	0.0559		
		0.3911	0.4333	0.4281	0.5012	0.4505	0.4385	0.3613	0.4659	0.4481	0.4537	0.3366	0.0535		
		0.5441	0.4593	0.3996	0.5419	0.4209	0.7952	0.4238	0.4062	0.4017	0.0446	0.0838	0.055		
		0.4851	0.5113	0.3909	0.4392	0.4048	0.3931	0.443	0.4591	0.34	0.3477	0.0802	0.0535		
		0.3967	0.4979	0.4959	0.6159	0.5155	0.4096	0.441	0.4912	0.4198	0.6824	0.0808	0.0536		
		0.4152	0.4269	0.3814	0.4064	0.549	0.4508	1.2269	0.4448	0.3599	0.9918	0.055	0.0537		
		0.4783	0.4379	0.664	0.4414	0.4789	0.4421	1.1255	0.4692	0.3408	1.2897	0.0535	0.0543		
		0.5985	0.833	0.4299	0.5156	0.3933	0.5614	0.4455	0.4281	0.3935	2.5501	0.0544	0.0574		
		
43:00	37.00	0.4894	0.3939	0.3764	0.4776	0.5876	0.4639	0.4863	0.41	0.441	0.5157	0.4222	0.0561		
		0.4004	0.4408	0.4335	0.5141	0.4576	0.4446	0.3648	0.4776	0.4593	0.4631	0.3424	0.0536		
		0.5435	0.468	0.4072	0.5502	0.4273	0.8097	0.4303	0.4137	0.4078	0.0447	0.0837	0.0551		
		0.4956	0.5195	0.3974	0.4474	0.4115	0.3998	0.4516	0.4681	0.3463	0.3476	0.0799	0.0536		
		0.4011	0.5058	0.5048	0.6272	0.5257	0.4145	0.4463	0.5003	0.4274	0.6816	0.0807	0.0536		
		0.4149	0.4394	0.3905	0.413	0.5598	0.4558	1.235	0.4547	0.3656	0.9917	0.0551	0.0538		
		0.4943	0.4467	0.6775	0.4499	0.4842	0.4485	1.1407	0.4754	0.3531	1.2889	0.0535	0.0543		
		0.6062	0.8434	0.4403	0.5208	0.3998	0.5713	0.4523	0.4343	0.3979	2.5488	0.0544	0.0574		
		
44:00	37.00	0.4995	0.4023	0.3839	0.4851	0.5985	0.4717	0.493	0.417	0.4455	0.524	0.4279	0.0561		
		0.4123	0.4504	0.4409	0.5223	0.4643	0.4527	0.3688	0.4907	0.4669	0.4723	0.349	0.0535		
		0.5483	0.4789	0.4156	0.5577	0.4367	0.8239	0.4363	0.4227	0.414	0.0446	0.0839	0.055		
		0.5061	0.5309	0.4043	0.4529	0.417	0.4061	0.4592	0.4756	0.3516	0.3474	0.0798	0.0536		
		0.4098	0.5153	0.5152	0.6382	0.5365	0.4208	0.455	0.5067	0.4368	0.6815	0.0806	0.0536		
		0.423	0.4463	0.3989	0.4184	0.5711	0.4627	1.2378	0.4643	0.3705	0.991	0.055	0.0537		
		0.5021	0.4567	0.6908	0.4615	0.4916	0.4548	1.1582	0.4811	0.3527	1.2904	0.0536	0.0544		
		0.615	0.8548	0.4504	0.5297	0.4062	0.5811	0.4593	0.441	0.4042	2.5506	0.0543	0.0574		
		
45:00	37.00	0.5094	0.4092	0.3931	0.4911	0.6099	0.4774	0.4986	0.4212	0.4524	0.532	0.4351	0.0561		
		0.4196	0.4583	0.4468	0.5326	0.4705	0.458	0.3734	0.4959	0.4822	0.4793	0.3537	0.0536		
		0.5589	0.4852	0.4224	0.5651	0.4444	0.839	0.4417	0.4291	0.4194	0.0446	0.0833	0.0551		
		0.5184	0.5354	0.4129	0.4571	0.4245	0.4131	0.4723	0.4854	0.3592	0.3476	0.0797	0.0536		
		0.4103	0.5244	0.5228	0.6499	0.5459	0.4265	0.4627	0.5112	0.4451	0.6814	0.0803	0.0537		
		0.4318	0.4545	0.4084	0.4245	0.5795	0.4695	1.2482	0.4777	0.3808	0.9907	0.0551	0.0537		
		0.5045	0.4645	0.7018	0.468	0.4992	0.4614	1.1704	0.4871	0.3606	1.2897	0.0536	0.0544		
		0.6238	0.8652	0.46	0.537	0.4102	0.5901	0.4659	0.4457	0.4081	2.5481	0.0543	0.0574		
		
46:00	37.00	0.5214	0.4187	0.4017	0.4984	0.6205	0.4848	0.5043	0.4263	0.4593	0.5386	0.4444	0.056		
		0.421	0.4675	0.4541	0.5457	0.4765	0.465	0.3799	0.5041	0.4995	0.4882	0.3601	0.0536		
		0.5652	0.4984	0.4307	0.5726	0.452	0.8494	0.4477	0.4431	0.4258	0.0446	0.0832	0.055		
		0.5266	0.5477	0.4209	0.462	0.4338	0.4207	0.4796	0.4953	0.3676	0.3474	0.0798	0.0536		
		0.4171	0.5352	0.5327	0.6623	0.5569	0.4333	0.4704	0.5132	0.4537	0.6814	0.0801	0.0536		
		0.4434	0.4668	0.4185	0.4301	0.5921	0.4771	1.2587	0.4906	0.3875	0.9905	0.0551	0.0538		
		0.5108	0.4742	0.7146	0.4793	0.5077	0.4678	1.1841	0.4937	0.3623	1.2895	0.0536	0.0544		
		0.6329	0.8796	0.472	0.5445	0.4157	0.6004	0.4714	0.4522	0.4141	2.5505	0.0544	0.0574		
		
47:00	37.00	0.5329	0.4289	0.4099	0.5058	0.6297	0.4913	0.5122	0.4338	0.4647	0.5465	0.4521	0.0559		
		0.4251	0.4769	0.4613	0.557	0.4839	0.4732	0.3846	0.5167	0.5107	0.4986	0.376	0.0535		
		0.5755	0.5069	0.4392	0.5824	0.4595	0.8605	0.4535	0.4565	0.4309	0.0448	0.0836	0.0551		
		0.5376	0.5535	0.4313	0.4679	0.4401	0.433	0.4886	0.504	0.3752	0.3473	0.0796	0.0535		
		0.4253	0.5461	0.5421	0.6745	0.5681	0.4382	0.4803	0.5227	0.4627	0.6811	0.0803	0.0537		
		0.4508	0.4753	0.427	0.4363	0.6067	0.4834	1.2724	0.4998	0.3942	0.9898	0.0551	0.0538		
		0.5164	0.484	0.7258	0.4848	0.518	0.4733	1.1992	0.5005	0.3711	1.2884	0.0536	0.0543		
		0.6415	0.905	0.4799	0.5521	0.4234	0.608	0.4777	0.4587	0.4193	2.5489	0.0543	0.0574		
		
48:00	37.00	0.5434	0.4379	0.4182	0.5149	0.6366	0.4986	0.5196	0.4389	0.4695	0.5533	0.462	0.056		
		0.4321	0.4871	0.4684	0.5658	0.4896	0.4787	0.3914	0.5306	0.5159	0.5062	0.4174	0.0535		
		0.5822	0.5151	0.4466	0.589	0.4722	0.8746	0.4598	0.4626	0.4364	0.0446	0.0834	0.0552		
		0.5481	0.5623	0.4382	0.475	0.45	0.4402	0.501	0.5105	0.3858	0.3474	0.0794	0.0536		
		0.4299	0.5556	0.5507	0.6897	0.5793	0.4435	0.4896	0.5288	0.4732	0.68	0.0799	0.0537		
		0.4658	0.4836	0.4381	0.4421	0.612	0.4906	1.2848	0.5059	0.4035	0.9886	0.0551	0.0538		
		0.5236	0.4929	0.7374	0.4971	0.5278	0.4802	1.2142	0.5064	0.3788	1.2871	0.0536	0.0544		
		0.6523	0.919	0.4833	0.5596	0.427	0.6174	0.4856	0.4656	0.4256	2.5493	0.0543	0.0574		
		
49:00	37.00	0.5542	0.449	0.4257	0.5206	0.6448	0.5047	0.5249	0.4439	0.4767	0.5609	0.4717	0.056		
		0.4384	0.496	0.4739	0.5725	0.4956	0.4849	0.3996	0.5494	0.5209	0.5136	0.419	0.0535		
		0.5904	0.5253	0.4554	0.5954	0.4877	0.8852	0.4658	0.4661	0.4432	0.0446	0.0832	0.0551		
		0.5588	0.5824	0.4467	0.4819	0.4602	0.4562	0.5114	0.516	0.3997	0.3472	0.0794	0.0535		
		0.4351	0.563	0.5553	0.6984	0.5918	0.4498	0.5078	0.5343	0.4814	0.6796	0.0799	0.0537		
		0.4677	0.4946	0.4501	0.4476	0.6103	0.4964	1.2952	0.5105	0.4127	0.9884	0.0551	0.0537		
		0.5321	0.504	0.7498	0.5094	0.5375	0.4872	1.2265	0.5132	0.3766	1.2878	0.0536	0.0544		
		0.6625	0.9261	0.4876	0.5674	0.4334	0.6257	0.4911	0.4699	0.4315	2.5497	0.0543	0.0575		
		
50:00	37.00	0.5664	0.4572	0.4372	0.5289	0.6548	0.5113	0.532	0.4491	0.4802	0.5696	0.4891	0.0561		
		0.4439	0.5055	0.4814	0.5783	0.5028	0.4907	0.4078	0.5577	0.5268	0.5223	0.4197	0.0537		
		0.5982	0.5335	0.4647	0.6034	0.4956	0.8968	0.4722	0.4697	0.4492	0.0447	0.0833	0.0552		
		0.57	0.5771	0.4537	0.4886	0.4655	0.4658	0.5252	0.5216	0.4131	0.3473	0.0796	0.0536		
		0.4405	0.5723	0.5603	0.7038	0.6027	0.4556	0.5239	0.5421	0.4952	0.6795	0.0798	0.0536		
		0.471	0.5046	0.4611	0.4538	0.6128	0.5041	1.3067	0.5169	0.424	0.9879	0.0551	0.0537		
		0.5388	0.5131	0.7589	0.5253	0.5516	0.4933	1.2374	0.5204	0.3837	1.2878	0.0535	0.0544		
		0.6709	0.9381	0.4934	0.5761	0.4389	0.6355	0.4971	0.4767	0.4393	2.5488	0.0543	0.0574		
		
51:00	37.00	0.5788	0.4669	0.4441	0.5354	0.6636	0.5182	0.5387	0.4553	0.4856	0.5762	0.5125	0.056		
		0.4507	0.5161	0.4876	0.5851	0.5095	0.498	0.4177	0.5612	0.5327	0.5316	0.4245	0.0536		
		0.6073	0.5457	0.4741	0.6117	0.4988	0.9085	0.4778	0.4751	0.4544	0.0448	0.083	0.0552		
		0.5784	0.5874	0.4634	0.4948	0.4739	0.4677	0.5431	0.5268	0.4231	0.3473	0.0792	0.0536		
		0.4472	0.5825	0.5655	0.7087	0.6143	0.4605	0.5305	0.5499	0.5076	0.6791	0.0796	0.0537		
		0.475	0.5201	0.4682	0.4602	0.6143	0.5098	1.3164	0.5233	0.4337	0.988	0.0551	0.0538		
		0.5476	0.5234	0.7716	0.5285	0.5609	0.5002	1.251	0.5269	0.3914	1.2888	0.0535	0.0544		
		0.6807	0.9532	0.5001	0.5826	0.4437	0.6438	0.504	0.4821	0.4419	2.5511	0.0543	0.0574		
		
52:00	37.00	0.5923	0.4782	0.4537	0.5436	0.6729	0.5245	0.545	0.4608	0.4919	0.5839	0.5239	0.056		
		0.457	0.5257	0.4952	0.5929	0.5163	0.5025	0.4261	0.5666	0.5396	0.5374	0.429	0.0536		
		0.6144	0.5557	0.4845	0.6176	0.5029	0.9183	0.4832	0.4806	0.4601	0.0446	0.0829	0.0551		
		0.583	0.5925	0.4722	0.5019	0.485	0.4705	0.5603	0.532	0.427	0.3472	0.0791	0.0536		
		0.453	0.5904	0.5726	0.7176	0.6276	0.4659	0.5336	0.557	0.5214	0.6793	0.0794	0.0537		
		0.4796	0.5314	0.4727	0.4647	0.6215	0.5167	1.3247	0.5302	0.4363	0.9882	0.0551	0.0538		
		0.5545	0.5355	0.7806	0.5382	0.572	0.506	1.2638	0.5333	0.3957	1.2887	0.0536	0.0544		
		0.6897	0.9705	0.5068	0.5896	0.4491	0.6525	0.5096	0.4882	0.448	2.5506	0.0544	0.0574		
		
53:00	37.00	0.6008	0.4898	0.4668	0.5508	0.6823	0.531	0.5524	0.4664	0.4985	0.5922	0.5245	0.0561		
		0.4626	0.5338	0.5028	0.5999	0.5222	0.5101	0.4389	0.5717	0.5464	0.553	0.4345	0.0536		
		0.6225	0.5628	0.4949	0.6253	0.5083	0.9303	0.4885	0.4867	0.4658	0.0446	0.083	0.0551		
		0.5893	0.607	0.484	0.5077	0.4996	0.4766	0.5689	0.5385	0.429	0.3472	0.0787	0.0536		
		0.4597	0.5994	0.5809	0.7259	0.6373	0.4727	0.5387	0.5638	0.5272	0.6788	0.0797	0.0537		
		0.4891	0.5378	0.4757	0.4698	0.6348	0.5227	1.3337	0.5383	0.4403	0.9881	0.055	0.0537		
		0.5626	0.5496	0.7922	0.5441	0.5872	0.5123	1.2731	0.5402	0.4069	1.2887	0.0535	0.0543		
		0.7002	0.989	0.5173	0.5979	0.4551	0.6632	0.5165	0.4937	0.4556	2.5502	0.0544	0.0574		
		
54:00	37.00	0.6067	0.5007	0.4742	0.558	0.6916	0.5375	0.5606	0.471	0.5026	0.5983	0.527	0.056		
		0.4679	0.5486	0.5072	0.6092	0.528	0.5154	0.4579	0.5778	0.554	0.5637	0.441	0.0535		
		0.6301	0.5726	0.5027	0.6311	0.5121	0.9423	0.4958	0.4922	0.4709	0.0447	0.0828	0.0551		
		0.5967	0.6169	0.4946	0.5142	0.5163	0.4827	0.5742	0.5451	0.4316	0.347	0.0785	0.0536		
		0.4647	0.6089	0.5877	0.7357	0.6522	0.4773	0.5435	0.5719	0.5315	0.677	0.0794	0.0536		
		0.4902	0.5447	0.4795	0.4751	0.6475	0.529	1.3406	0.5453	0.4441	0.9879	0.055	0.0537		
		0.5699	0.556	0.8031	0.5499	0.6024	0.5173	1.2831	0.5449	0.4137	1.2871	0.0535	0.0543		
		0.7077	1.005	0.5223	0.6045	0.4601	0.6706	0.5216	0.4999	0.4589	2.5456	0.0543	0.0574		
		
55:00	37.00	0.6121	0.5069	0.4746	0.5645	0.702	0.5435	0.5657	0.4768	0.5076	0.6058	0.5333	0.056		
		0.474	0.5638	0.5136	0.6161	0.5343	0.5228	0.4707	0.5855	0.5611	0.5868	0.4471	0.0536		
		0.6372	0.5791	0.5148	0.6392	0.5191	0.9513	0.5007	0.4989	0.4772	0.0447	0.0825	0.0551		
		0.6055	0.6206	0.502	0.5217	0.5236	0.488	0.5798	0.5514	0.4357	0.3472	0.0785	0.0535		
		0.4714	0.6148	0.5945	0.7444	0.6552	0.4832	0.5488	0.5795	0.5367	0.678	0.0791	0.0536		
		0.5002	0.5465	0.4856	0.4815	0.6577	0.5362	1.3502	0.5539	0.4501	0.9891	0.0552	0.0538		
		0.5769	0.5609	0.8128	0.5496	0.6078	0.5246	1.2952	0.5512	0.4341	1.2886	0.0536	0.0543		
		0.7176	1.0243	0.5245	0.6126	0.4644	0.6796	0.5285	0.5047	0.4647	2.5502	0.0543	0.0574		
		
56:00	37.00	0.6206	0.5113	0.4773	0.5724	0.7104	0.5497	0.5716	0.4815	0.5118	0.6124	0.5387	0.056		
		0.4809	0.5723	0.5204	0.6244	0.5405	0.5274	0.4733	0.5909	0.5688	0.5977	0.453	0.0535		
		0.6442	0.5847	0.5212	0.6461	0.5251	0.964	0.5074	0.5045	0.4831	0.0447	0.0825	0.0551		
		0.6126	0.6304	0.5057	0.528	0.5277	0.4923	0.5834	0.5588	0.4399	0.347	0.0783	0.0535		
		0.4756	0.6196	0.6034	0.7554	0.6548	0.4883	0.5559	0.5856	0.5422	0.6764	0.0791	0.0536		
		0.5035	0.5545	0.4916	0.4873	0.6679	0.5416	1.355	0.5609	0.452	0.9891	0.0551	0.0537		
		0.585	0.5654	0.8264	0.5597	0.6123	0.5306	1.3058	0.5583	0.4502	1.2883	0.0536	0.0544		
		0.7256	1.0408	0.5296	0.6232	0.4705	0.6881	0.5343	0.5109	0.4693	2.547	0.0544	0.0574		
		
57:00	37.00	0.6279	0.514	0.4808	0.5787	0.7194	0.5568	0.5798	0.4872	0.5188	0.6197	0.5467	0.056		
		0.4862	0.5804	0.526	0.6322	0.5469	0.5343	0.4762	0.5995	0.5757	0.6046	0.4587	0.0536		
		0.6516	0.591	0.5329	0.6531	0.5318	0.9723	0.5129	0.5108	0.4882	0.0447	0.0823	0.0551		
		0.6207	0.6363	0.5089	0.5341	0.5291	0.4994	0.5885	0.5667	0.4456	0.3474	0.0783	0.0535		
		0.4822	0.6263	0.6092	0.7644	0.6558	0.494	0.5624	0.5938	0.5477	0.6767	0.079	0.0537		
		0.509	0.5582	0.4971	0.4923	0.6768	0.5483	1.3608	0.5684	0.4585	0.9896	0.0551	0.0538		
		0.5906	0.5714	0.8345	0.5636	0.6148	0.5345	1.3145	0.5634	0.4567	1.2899	0.0536	0.0544		
		0.7348	1.0599	0.5362	0.6277	0.4757	0.6961	0.5399	0.5166	0.4744	2.5479	0.0544	0.0574		
		
58:00	37.00	0.6361	0.5197	0.4848	0.5853	0.7276	0.5631	0.5845	0.4931	0.5233	0.6256	0.555	0.056		
		0.4924	0.5891	0.5346	0.6408	0.5547	0.5404	0.4792	0.6089	0.5826	0.6071	0.4639	0.0536		
		0.6597	0.5961	0.5519	0.6598	0.5382	0.9813	0.5183	0.5166	0.4942	0.0448	0.0824	0.0552		
		0.6307	0.6474	0.5149	0.5403	0.5342	0.5036	0.5955	0.572	0.4516	0.347	0.0782	0.0536		
		0.4926	0.6335	0.617	0.7739	0.6633	0.4982	0.5693	0.5998	0.5555	0.6773	0.0791	0.0537		
		0.5161	0.5658	0.5028	0.4976	0.6901	0.555	1.3665	0.5747	0.4639	0.9901	0.0551	0.0538		
		0.5979	0.5794	0.8464	0.5717	0.6232	0.5424	1.322	0.5702	0.4596	1.2897	0.0535	0.0543		
		0.7436	1.0752	0.5428	0.6335	0.4828	0.7043	0.5455	0.5217	0.481	2.5508	0.0543	0.0575		
		
59:00	37.00	0.6454	0.5258	0.4897	0.5936	0.7365	0.5693	0.5901	0.498	0.5337	0.6335	0.5608	0.0561		
		0.4976	0.5996	0.5386	0.6477	0.5599	0.5471	0.4848	0.6139	0.589	0.6065	0.4692	0.0536		
		0.6657	0.605	0.5629	0.6672	0.5444	0.9936	0.5232	0.5229	0.5001	0.0448	0.0825	0.0551		
		0.637	0.6582	0.5194	0.5467	0.542	0.51	0.6036	0.5787	0.4568	0.3472	0.0781	0.0535		
		0.494	0.6428	0.6252	0.7817	0.6755	0.5046	0.5769	0.6074	0.5613	0.6778	0.0791	0.0536		
		0.5219	0.5725	0.5093	0.5027	0.6984	0.5611	1.3732	0.5829	0.4715	0.9906	0.0549	0.0537		
		0.6074	0.5878	0.8559	0.5761	0.6279	0.549	1.3315	0.5762	0.4624	1.2888	0.0535	0.0544		
		0.7534	1.093	0.5504	0.6421	0.4869	0.714	0.5527	0.5275	0.4872	2.5455	0.0544	0.0575		
		
1:00:00	37.00	0.6518	0.5317	0.4945	0.6008	0.7454	0.5751	0.5952	0.502	0.536	0.6396	0.5708	0.0561		
		0.5042	0.5928	0.5446	0.6554	0.5652	0.552	0.4893	0.6234	0.5967	0.614	0.4769	0.0536		
		0.6721	0.6109	0.5657	0.6729	0.5512	1.0088	0.5284	0.5275	0.5042	0.0447	0.0823	0.0551		
		0.6446	0.6625	0.5252	0.5528	0.5469	0.5135	0.6106	0.5873	0.462	0.3471	0.0781	0.0536		
		0.4986	0.6477	0.6303	0.7928	0.6844	0.5092	0.583	0.6126	0.5681	0.6781	0.0787	0.0537		
		0.5298	0.5821	0.5149	0.5085	0.7068	0.5671	1.3806	0.5904	0.4757	0.9914	0.055	0.0537		
		0.6119	0.5937	0.8666	0.5846	0.6348	0.5546	1.3386	0.582	0.4669	1.2905	0.0535	0.0544		
		0.7612	1.1061	0.556	0.6483	0.4919	0.7216	0.5585	0.5327	0.4916	2.548	0.0544	0.0575		
		
Time(hh:mm:ss)	Temperature(¡C)	1	2	3	4	5	6	7	8	9	10	11	12		
		8.237446	6.142544	5.741978	8.046856	9.528067	7.484077	7.675008	6.264617	5.927956	8.455103	6.887166	0	
		6.589069	7.248472	6.553903	8.663321	7.213194	7.083712	5.469159	8.151761	7.878345	7.849334	5.534395	0	
		8.949186	8.526943	6.588969	8.787382	6.681809	14.136409	6.644447	6.505378	6.392575	0.001077	NoFit	-0.01	
		8.417869	8.760074	6.136742	7.048054	6.281449	6.01321	8.060016	7.465526	5.382824	NoFit	NoFit	0.1	
		6.352398	8.359233	8.202797	10.573453	8.80602	6.194966	7.45954	8.108778	7.188292	NoFit	NoFit	0	
		6.780574	7.331809	6.289966	6.29377	9.571211	7.220666	17.610814	7.41834	5.590492	NoFit	NoFit	NoFit	
		8.086025	7.363511	12.093786	7.239609	7.814109	7.006769	21.227837	6.942078	4.764093	NoFit	-0.01	-0.003571	
		10.434283	14.974981	6.755907	8.725262	6.099746	9.595875	7.018641	6.565087	6.103511	0.146774	-0.000037	0.000434	
~End
Group:	Standards	1
Sample	Concentration	Wells	BackConcCalc	Values	MeanValue	Std.Dev.	CV%

Smallest standard value:  

Largest standard value:  

~End
Group:	Controls	1
Sample	Wells	Sample#	Values	MeanValue

~End
Group:	Samples	1
Sample	Wells	Values	Outliers	Result	MeanResult	Std.Dev.	CV%

Outlier - Outside standard range  

~End
