##BLOCKS= 4          
Plate:	Plate#1	1.1	PlateFormat	Kinetic	Absorbance	Raw	FALSE	61	3600	60				1	410	1	12	96	
Time(hh:mm:ss)	Temperature(¡C)	1	2	3	4	5	6	7	8	9	10	11	12		
0:00	37.00	0.2532	0.2438	0.2587	0.2737	0.2731	0.3012	0.2851	0.302	0.2892	0.2909	0.3249	0.0636		
		0.2799	0.2379	0.2738	0.2553	0.2742	0.2908	0.2948	0.2948	0.3159	0.2975	0.3182	0.0535		
		0.2588	0.2338	0.2784	0.3203	0.2848	0.2944	0.3019	0.3159	0.2838	0.0487	0.0535	0.0525		
		0.2426	0.2188	0.2759	0.2964	0.2885	0.2983	0.2731	0.2989	0.2952	0.3847	0.0519	0.0531		
		0.2515	0.2642	0.2982	0.2839	0.2641	0.2467	0.2925	0.2796	0.2804	0.7647	0.0531	0.054		
		0.261	0.2553	0.2706	0.2854	0.3044	0.2766	0.3078	0.307	0.3043	1.0625	0.0578	0.0521		
		0.2409	0.295	0.28	0.2815	0.28	0.2558	0.3114	0.2857	0.2955	1.3481	0.053	0.0523		
		0.2448	0.2612	0.2493	0.2658	0.2782	0.2749	0.2837	0.299	0.2949	1.4501	0.0527	0.0548		
		
1:00	37.00	0.2885	0.2713	0.283	0.2909	0.2839	0.3147	0.3001	0.3062	0.2918	0.2914	0.3303	0.0642		
		0.3067	0.2526	0.2873	0.2652	0.2831	0.2989	0.3112	0.285	0.321	0.2976	0.3201	0.0534		
		0.2993	0.2611	0.2822	0.3432	0.2934	0.3032	0.3149	0.319	0.281	0.0437	0.0534	0.0524		
		0.281	0.2535	0.2934	0.3209	0.3038	0.2935	0.2777	0.3045	0.2884	0.3841	0.0517	0.0531		
		0.2889	0.29	0.3129	0.2929	0.2791	0.2461	0.2875	0.2725	0.2899	0.7638	0.053	0.0538		
		0.2968	0.2898	0.2953	0.2987	0.3158	0.2847	0.3252	0.3025	0.3145	1.0619	0.0576	0.052		
		0.283	0.3287	0.2974	0.2982	0.2933	0.2678	0.3211	0.2963	0.2954	1.3487	0.0529	0.0523		
		0.2771	0.3085	0.2653	0.282	0.2914	0.2947	0.2858	0.3133	0.2917	1.4602	0.0528	0.0547		
		
2:00	37.00	0.3042	0.2834	0.2962	0.3046	0.2903	0.3191	0.3054	0.3143	0.296	0.2924	0.3317	0.0644		
		0.3207	0.2695	0.2963	0.2796	0.2907	0.3077	0.3146	0.2854	0.325	0.3001	0.3202	0.0533		
		0.3114	0.2717	0.2872	0.3521	0.3002	0.3095	0.3203	0.32	0.2787	0.0441	0.0533	0.0522		
		0.2935	0.2654	0.3061	0.3225	0.3096	0.297	0.2855	0.3083	0.2898	0.3835	0.0515	0.0529		
		0.2991	0.3064	0.3216	0.3005	0.2896	0.2495	0.2901	0.277	0.2905	0.7625	0.053	0.0534		
		0.3099	0.3022	0.3057	0.3064	0.327	0.288	0.3361	0.3055	0.3158	1.0607	0.0573	0.0519		
		0.2966	0.3479	0.3102	0.3073	0.2939	0.2771	0.3292	0.3011	0.2949	1.3499	0.0528	0.0522		
		0.2977	0.3374	0.2803	0.2878	0.3002	0.303	0.2905	0.3163	0.2924	1.4602	0.0527	0.0546		
		
3:00	37.00	0.3132	0.2908	0.3025	0.3062	0.2955	0.324	0.3093	0.3169	0.2986	0.2998	0.3335	0.0642		
		0.3288	0.2784	0.3019	0.2865	0.2908	0.3101	0.3215	0.2878	0.3275	0.3041	0.3224	0.0534		
		0.3196	0.2813	0.2899	0.3587	0.3036	0.3156	0.3226	0.3227	0.2775	0.0466	0.0535	0.0523		
		0.3032	0.2728	0.3102	0.3247	0.3123	0.2987	0.2891	0.3102	0.2917	0.3835	0.0517	0.053		
		0.3062	0.3208	0.3284	0.3056	0.2989	0.2527	0.2899	0.2838	0.2937	0.7652	0.0531	0.0536		
		0.3194	0.3094	0.3143	0.3115	0.3377	0.2922	0.3474	0.3067	0.3176	1.0664	0.0578	0.052		
		0.3057	0.3547	0.3159	0.3161	0.2978	0.2821	0.3362	0.306	0.2979	1.3486	0.0528	0.0521		
		0.3084	0.371	0.2866	0.2978	0.307	0.3115	0.2942	0.321	0.2929	1.4592	0.0526	0.0546		
		
4:00	37.00	0.3168	0.2977	0.3075	0.3145	0.3026	0.3249	0.3141	0.3204	0.3036	0.3043	0.3344	0.0645		
		0.3311	0.2813	0.3073	0.2926	0.2938	0.3141	0.3192	0.2896	0.3315	0.3096	0.3231	0.0533		
		0.3301	0.2864	0.2935	0.3656	0.3038	0.3224	0.3249	0.3268	0.2807	0.0494	0.0534	0.0523		
		0.3072	0.2798	0.3135	0.3285	0.3158	0.299	0.2954	0.3118	0.2924	0.3829	0.0517	0.053		
		0.3162	0.3335	0.3328	0.3087	0.3033	0.2541	0.2908	0.2837	0.2941	0.7647	0.053	0.0534		
		0.3247	0.317	0.3191	0.315	0.3509	0.2945	0.359	0.3074	0.3173	1.0677	0.0574	0.0518		
		0.3117	0.3674	0.3226	0.3211	0.3045	0.2882	0.3419	0.3117	0.2965	1.3482	0.0528	0.052		
		0.3179	0.4053	0.2923	0.303	0.3105	0.3163	0.2981	0.3244	0.2935	1.4599	0.0526	0.0545		
		
5:00	37.00	0.3241	0.3002	0.3073	0.3185	0.3032	0.326	0.3153	0.3179	0.3035	0.31	0.332	0.064		
		0.3329	0.2869	0.3111	0.2966	0.2976	0.3147	0.3203	0.2916	0.3334	0.3117	0.3221	0.0534		
		0.3373	0.2934	0.2989	0.369	0.3044	0.3245	0.3242	0.3234	0.2841	0.0435	0.0533	0.0522		
		0.3116	0.2851	0.3148	0.3276	0.315	0.3005	0.2936	0.3147	0.2915	0.3824	0.0517	0.0529		
		0.3191	0.3446	0.3372	0.3103	0.31	0.2558	0.2918	0.2879	0.2953	0.7648	0.0529	0.0536		
		0.328	0.3205	0.3236	0.3181	0.3593	0.2967	0.3682	0.311	0.3154	1.0678	0.0576	0.0519		
		0.3134	0.3698	0.3245	0.3237	0.3062	0.2919	0.3459	0.3107	0.2968	1.3454	0.0527	0.0522		
		0.3231	0.4405	0.2948	0.3041	0.3117	0.3216	0.2972	0.3253	0.2923	1.458	0.0526	0.0546		
		
6:00	37.00	0.3255	0.3028	0.3081	0.3191	0.3057	0.3284	0.3158	0.3195	0.3053	0.3157	0.3323	0.0644		
		0.3351	0.2915	0.3155	0.297	0.295	0.3142	0.3218	0.2946	0.3366	0.3133	0.3218	0.0532		
		0.3439	0.2931	0.2984	0.3685	0.3052	0.3282	0.3232	0.3231	0.2862	0.0435	0.0534	0.0522		
		0.318	0.2876	0.3163	0.3273	0.3142	0.3025	0.2957	0.3173	0.2942	0.3821	0.0518	0.0529		
		0.3232	0.3561	0.3413	0.3152	0.3176	0.2585	0.2948	0.2928	0.2942	0.7659	0.0529	0.0536		
		0.3311	0.3211	0.3263	0.3199	0.369	0.2993	0.3782	0.3122	0.3144	1.0686	0.0578	0.0519		
		0.3177	0.3757	0.3279	0.3244	0.3049	0.2939	0.352	0.3146	0.2966	1.3437	0.0528	0.0521		
		0.3324	0.4832	0.3	0.3064	0.3136	0.3264	0.2987	0.324	0.2921	1.456	0.0526	0.0546		
		
7:00	37.00	0.3259	0.3056	0.3105	0.3202	0.3073	0.3312	0.3171	0.3199	0.3063	0.322	0.3319	0.0646		
		0.3362	0.2939	0.3191	0.299	0.2968	0.3151	0.3197	0.2967	0.3381	0.3152	0.323	0.0534		
		0.348	0.2962	0.3045	0.3705	0.3045	0.3294	0.3248	0.3243	0.2871	0.0435	0.0535	0.0523		
		0.3193	0.2913	0.3175	0.3281	0.3147	0.3038	0.2965	0.3191	0.2943	0.3817	0.0519	0.0529		
		0.3239	0.3702	0.3399	0.3161	0.3233	0.2607	0.2979	0.2943	0.2949	0.7664	0.053	0.0536		
		0.3342	0.3254	0.3274	0.3211	0.3764	0.3002	0.39	0.3133	0.3128	1.0679	0.0579	0.0519		
		0.3199	0.3812	0.3328	0.3234	0.3095	0.2947	0.3552	0.3156	0.2962	1.3434	0.0527	0.0521		
		0.3386	0.5261	0.2988	0.3071	0.3146	0.3311	0.2991	0.3225	0.2916	1.4542	0.0527	0.0545		
		
8:00	37.00	0.3299	0.3081	0.3135	0.3193	0.3085	0.3309	0.3177	0.3186	0.3045	0.3278	0.3336	0.0646		
		0.3355	0.2948	0.3224	0.3037	0.2988	0.3153	0.3181	0.2967	0.3369	0.3159	0.32	0.0533		
		0.3512	0.2986	0.3038	0.3757	0.3045	0.3311	0.325	0.324	0.2894	0.0484	0.0534	0.0522		
		0.3232	0.2935	0.3172	0.3276	0.3143	0.305	0.2948	0.3193	0.2949	0.3811	0.0518	0.0529		
		0.3236	0.3807	0.3443	0.3181	0.3289	0.2622	0.3009	0.3011	0.2953	0.7674	0.0529	0.0535		
		0.3346	0.3251	0.3292	0.3251	0.3848	0.2987	0.4016	0.3158	0.3127	1.0679	0.0578	0.0518		
		0.3219	0.3858	0.3352	0.3245	0.3195	0.2982	0.3604	0.3201	0.295	1.3429	0.0528	0.0521		
		0.3474	0.5693	0.3021	0.308	0.3151	0.3362	0.3031	0.3214	0.2925	1.4529	0.0527	0.0545		
		
9:00	37.00	0.3307	0.3111	0.3133	0.3214	0.3081	0.3299	0.3192	0.3175	0.3055	0.3347	0.3326	0.0649		
		0.3356	0.2968	0.3259	0.3055	0.2978	0.3156	0.317	0.2998	0.3387	0.3186	0.3228	0.0533		
		0.3564	0.3022	0.3047	0.3761	0.3029	0.3347	0.3261	0.3239	0.291	0.0465	0.0533	0.0522		
		0.3252	0.2961	0.318	0.3271	0.315	0.3079	0.2953	0.3199	0.2955	0.3807	0.0518	0.0529		
		0.326	0.3967	0.3477	0.3203	0.3395	0.2633	0.3033	0.3048	0.2982	0.7668	0.053	0.0534		
		0.337	0.3244	0.3308	0.3248	0.3925	0.2977	0.4141	0.3184	0.3127	1.0662	0.0577	0.0518		
		0.3228	0.3895	0.337	0.3246	0.3148	0.2993	0.3686	0.3215	0.2941	1.3419	0.0527	0.052		
		0.3528	0.6158	0.304	0.31	0.3153	0.343	0.3039	0.3222	0.294	1.4515	0.0527	0.0545		
		
10:00	37.00	0.3325	0.314	0.3148	0.324	0.313	0.335	0.3203	0.3174	0.3058	0.3428	0.3326	0.0648		
		0.3348	0.3039	0.3288	0.3061	0.299	0.3143	0.315	0.3024	0.3413	0.3205	0.3233	0.0533		
		0.3626	0.3045	0.307	0.377	0.3031	0.3381	0.3247	0.322	0.2911	0.0437	0.0534	0.0522		
		0.3279	0.2977	0.3172	0.3257	0.3141	0.3093	0.2954	0.3204	0.2963	0.3804	0.0518	0.0529		
		0.3257	0.4079	0.35	0.3187	0.3438	0.2652	0.3066	0.3102	0.2983	0.7678	0.053	0.0534		
		0.336	0.3261	0.3319	0.328	0.4017	0.2977	0.4274	0.3206	0.3145	1.0669	0.0576	0.0517		
		0.3231	0.3919	0.3401	0.3256	0.3142	0.2999	0.3737	0.3226	0.295	1.3377	0.0527	0.052		
		0.3585	0.6587	0.3076	0.3089	0.3147	0.3476	0.3041	0.3211	0.2934	1.451	0.0526	0.0546		
		
11:00	37.00	0.3331	0.3156	0.3137	0.3236	0.3136	0.3343	0.3197	0.3165	0.3064	0.3504	0.3324	0.0644		
		0.3336	0.3045	0.3322	0.3075	0.2998	0.3133	0.3143	0.3052	0.3437	0.3219	0.3242	0.0532		
		0.3661	0.3072	0.3006	0.3765	0.303	0.34	0.3241	0.3219	0.2938	0.0436	0.0534	0.0522		
		0.3288	0.301	0.3186	0.3271	0.3146	0.3109	0.2967	0.3222	0.2969	0.3804	0.052	0.0529		
		0.3268	0.4209	0.3496	0.3211	0.3492	0.267	0.3086	0.3142	0.2981	0.7679	0.0531	0.0536		
		0.3371	0.3264	0.3332	0.3276	0.4097	0.2978	0.441	0.323	0.3139	1.0679	0.0578	0.0518		
		0.322	0.3959	0.3422	0.3273	0.3146	0.3017	0.3795	0.3255	0.2955	1.3377	0.0528	0.0521		
		0.3633	0.7044	0.3106	0.3103	0.3154	0.3513	0.3032	0.321	0.2936	1.4476	0.0527	0.0546		
		
12:00	37.00	0.3375	0.3181	0.3126	0.3229	0.3142	0.3369	0.3233	0.3162	0.3063	0.3581	0.3331	0.0646		
		0.3344	0.3044	0.3337	0.3105	0.3	0.3127	0.3131	0.3054	0.3451	0.3248	0.3269	0.0533		
		0.3692	0.311	0.3031	0.3802	0.3005	0.3408	0.3238	0.32	0.2952	0.0435	0.0534	0.0522		
		0.331	0.304	0.3183	0.3249	0.3146	0.3124	0.2971	0.3243	0.2982	0.3806	0.0519	0.053		
		0.3273	0.4324	0.3531	0.3219	0.357	0.2694	0.3114	0.3201	0.2981	0.7686	0.0531	0.0535		
		0.3399	0.3272	0.3354	0.3286	0.4186	0.2998	0.454	0.3257	0.3148	1.0683	0.0578	0.0518		
		0.322	0.3997	0.3436	0.3251	0.315	0.304	0.3869	0.3237	0.2954	1.3364	0.0528	0.0521		
		0.3687	0.7493	0.3124	0.3116	0.3158	0.356	0.3039	0.321	0.2952	1.4468	0.0527	0.0546		
		
13:00	37.00	0.3393	0.3202	0.3176	0.3224	0.3166	0.3365	0.3249	0.3158	0.3075	0.3663	0.3338	0.0645		
		0.3335	0.3081	0.3373	0.3114	0.2997	0.313	0.3105	0.3079	0.3472	0.3264	0.3277	0.0533		
		0.3718	0.3131	0.3084	0.3827	0.2998	0.3407	0.3241	0.3192	0.2961	0.0434	0.0535	0.0522		
		0.3352	0.3074	0.3161	0.3252	0.3129	0.3139	0.2989	0.3276	0.2978	0.3834	0.0519	0.0529		
		0.3263	0.4463	0.3543	0.322	0.3638	0.2711	0.313	0.3245	0.2996	0.7687	0.0529	0.0535		
		0.3383	0.3254	0.3367	0.3304	0.4279	0.3014	0.4669	0.3281	0.3128	1.0674	0.0578	0.0518		
		0.3231	0.4056	0.3477	0.3279	0.315	0.3048	0.3974	0.328	0.296	1.3334	0.0528	0.0521		
		0.374	0.7899	0.3138	0.3126	0.3238	0.3581	0.3047	0.3197	0.2954	1.4449	0.0527	0.0545		
		
14:00	37.00	0.3417	0.3248	0.3161	0.3244	0.3148	0.3382	0.3259	0.3164	0.3084	0.3749	0.3366	0.0652		
		0.3311	0.3088	0.3404	0.3152	0.2999	0.3119	0.3102	0.3101	0.3478	0.328	0.3288	0.0532		
		0.3757	0.3158	0.3013	0.3792	0.3005	0.3435	0.3253	0.3185	0.3	0.0434	0.0534	0.0521		
		0.335	0.3109	0.3169	0.3237	0.3131	0.315	0.2994	0.3282	0.2967	0.3854	0.0518	0.0529		
		0.3249	0.4576	0.354	0.3242	0.3758	0.273	0.3162	0.3303	0.3029	0.7684	0.0529	0.0533		
		0.34	0.3279	0.3364	0.3308	0.4351	0.3026	0.4796	0.3297	0.3153	1.0663	0.0575	0.0518		
		0.3214	0.4119	0.3492	0.3266	0.3168	0.3058	0.4053	0.3301	0.2987	1.3432	0.0527	0.052		
		0.3777	0.8265	0.3175	0.3134	0.3171	0.3655	0.3077	0.3178	0.2988	1.4465	0.0527	0.0545		
		
15:00	37.00	0.3438	0.3254	0.3165	0.3254	0.3191	0.3397	0.3299	0.3156	0.3075	0.3818	0.3378	0.0647		
		0.3285	0.3129	0.3445	0.3166	0.3015	0.3122	0.3094	0.3093	0.3514	0.3301	0.3312	0.0533		
		0.3788	0.3183	0.3024	0.3845	0.2988	0.3463	0.3246	0.3158	0.3015	0.0434	0.0534	0.0521		
		0.3371	0.3126	0.3141	0.3233	0.312	0.3165	0.2992	0.3313	0.2967	0.3859	0.052	0.0529		
		0.3262	0.4687	0.3561	0.3275	0.3788	0.2748	0.3174	0.3337	0.3033	0.769	0.0529	0.0535		
		0.3421	0.3262	0.338	0.3328	0.4418	0.3052	0.4921	0.3317	0.3144	1.0663	0.0578	0.0518		
		0.3208	0.415	0.3525	0.3276	0.3158	0.3069	0.4142	0.3302	0.298	1.343	0.0527	0.052		
		0.3836	0.8653	0.321	0.311	0.3186	0.3693	0.3078	0.3161	0.2989	1.4495	0.0527	0.0546		
		
16:00	37.00	0.3474	0.3293	0.3167	0.3248	0.3203	0.3407	0.3307	0.3164	0.3072	0.3866	0.34	0.0648		
		0.3283	0.3198	0.3468	0.3182	0.3023	0.3117	0.3099	0.3154	0.3519	0.3317	0.3318	0.0532		
		0.3822	0.3219	0.3021	0.3874	0.3004	0.3484	0.3248	0.3163	0.3041	0.0432	0.0534	0.0522		
		0.338	0.3157	0.313	0.3237	0.3128	0.3177	0.2985	0.333	0.2975	0.3859	0.052	0.0529		
		0.3258	0.4833	0.3571	0.3309	0.3875	0.2771	0.3212	0.3396	0.3057	0.7682	0.0529	0.0535		
		0.3413	0.328	0.3372	0.3359	0.4515	0.3064	0.5047	0.3349	0.3169	1.0665	0.0579	0.0518		
		0.3198	0.4193	0.3555	0.3299	0.3202	0.3094	0.4212	0.3325	0.2989	1.3465	0.0528	0.052		
		0.3889	0.9042	0.3218	0.3124	0.3211	0.3751	0.3085	0.3157	0.3008	1.4566	0.0526	0.0546		
		
17:00	37.00	0.3495	0.3314	0.3224	0.3275	0.3184	0.3426	0.3337	0.3164	0.3073	0.3939	0.3431	0.0645		
		0.3254	0.3177	0.3511	0.3206	0.3041	0.311	0.3098	0.3204	0.3556	0.3354	0.3335	0.0533		
		0.3833	0.3238	0.3035	0.3885	0.3008	0.3527	0.3266	0.3178	0.3069	0.0432	0.0534	0.0522		
		0.3446	0.3172	0.314	0.3228	0.3127	0.3194	0.3016	0.3354	0.3004	0.386	0.0519	0.0529		
		0.323	0.4931	0.3598	0.333	0.3938	0.2793	0.3245	0.3439	0.3087	0.7667	0.0529	0.0535		
		0.3418	0.3275	0.3402	0.3387	0.4604	0.3074	0.5178	0.3381	0.317	1.0624	0.0578	0.0518		
		0.3201	0.4228	0.3619	0.3285	0.3209	0.3122	0.4326	0.3347	0.3004	1.3528	0.0527	0.0521		
		0.3933	0.9404	0.3253	0.3133	0.321	0.3805	0.3107	0.3171	0.3032	1.4545	0.0526	0.0545		
		
18:00	37.00	0.3504	0.3345	0.3192	0.3286	0.3253	0.3436	0.3372	0.3172	0.3072	0.407	0.3452	0.0644		
		0.3266	0.3235	0.355	0.322	0.3057	0.3122	0.311	0.3189	0.3589	0.3374	0.3358	0.0532		
		0.3867	0.3273	0.3059	0.3883	0.3014	0.3546	0.3242	0.3173	0.3082	0.0433	0.0534	0.0523		
		0.3409	0.3198	0.3099	0.323	0.3122	0.3216	0.3028	0.3376	0.3026	0.3855	0.052	0.0529		
		0.3227	0.5034	0.3618	0.3369	0.4014	0.2827	0.3265	0.3469	0.3129	0.7663	0.0529	0.0536		
		0.3426	0.3297	0.341	0.339	0.4688	0.3077	0.5289	0.3407	0.3188	1.0613	0.0579	0.0517		
		0.3192	0.426	0.3626	0.3328	0.3214	0.3139	0.441	0.3385	0.3007	1.3518	0.0528	0.0521		
		0.3981	0.9773	0.3286	0.316	0.3232	0.3858	0.311	0.3158	0.3041	1.4551	0.0526	0.0544		
		
19:00	37.00	0.3549	0.3371	0.3195	0.3281	0.327	0.3451	0.3404	0.3187	0.3099	0.4139	0.3472	0.0653		
		0.3231	0.3285	0.3579	0.3243	0.3072	0.3148	0.31	0.3262	0.3601	0.3399	0.3379	0.0532		
		0.3918	0.3296	0.3058	0.3934	0.3024	0.3582	0.3235	0.3176	0.3109	0.0432	0.0534	0.0522		
		0.3445	0.3235	0.3089	0.3239	0.3123	0.325	0.3054	0.3396	0.3063	0.3853	0.0519	0.0529		
		0.3214	0.5163	0.3626	0.3384	0.4102	0.2848	0.3294	0.3517	0.3164	0.7671	0.0529	0.0532		
		0.3413	0.3288	0.3428	0.3393	0.4776	0.3069	0.5419	0.3444	0.3211	1.0647	0.0574	0.0516		
		0.3236	0.4346	0.3682	0.3338	0.3225	0.3149	0.455	0.3422	0.3041	1.3516	0.0527	0.052		
		0.4044	1.013	0.3303	0.3184	0.324	0.3921	0.3157	0.3198	0.3079	1.4493	0.0527	0.0545		
		
20:00	37.00	0.3593	0.3395	0.3189	0.3287	0.3298	0.3451	0.3435	0.32	0.3132	0.4229	0.3507	0.065		
		0.3252	0.3313	0.3608	0.3265	0.3087	0.3164	0.3122	0.3269	0.3636	0.3429	0.3401	0.0534		
		0.3907	0.3314	0.3063	0.3932	0.3045	0.3618	0.3252	0.3202	0.3138	0.0431	0.0535	0.0523		
		0.3492	0.3257	0.304	0.3258	0.312	0.3264	0.3065	0.345	0.3086	0.3853	0.052	0.053		
		0.3219	0.5267	0.3621	0.3418	0.4168	0.2865	0.332	0.361	0.319	0.7668	0.0529	0.0534		
		0.3431	0.3313	0.345	0.3417	0.487	0.308	0.5549	0.3469	0.3245	1.0649	0.0577	0.0517		
		0.3179	0.4396	0.3726	0.3355	0.325	0.3157	0.465	0.3454	0.3052	1.3518	0.0528	0.052		
		0.4074	1.0401	0.3332	0.3201	0.327	0.3991	0.3163	0.3245	0.3094	1.4489	0.0527	0.0545		
		
21:00	37.00	0.3605	0.342	0.3186	0.3298	0.3327	0.3494	0.3478	0.3217	0.3148	0.4298	0.3535	0.0648		
		0.3265	0.3309	0.3649	0.3308	0.314	0.3179	0.3182	0.3336	0.3642	0.3469	0.3434	0.0533		
		0.3953	0.3358	0.3086	0.3952	0.3054	0.3651	0.3256	0.3195	0.3164	0.043	0.0535	0.0521		
		0.357	0.3274	0.3052	0.3269	0.3134	0.3284	0.3083	0.3478	0.3105	0.3857	0.0521	0.0529		
		0.32	0.5392	0.3653	0.3413	0.4228	0.2884	0.3342	0.3666	0.3221	0.7661	0.053	0.0535		
		0.3438	0.3318	0.3474	0.3418	0.4966	0.3097	0.5677	0.3489	0.3274	1.065	0.0579	0.0517		
		0.3186	0.4422	0.3785	0.3366	0.3282	0.3204	0.4754	0.3491	0.3063	1.3526	0.0528	0.0521		
		0.412	1.0727	0.3368	0.3218	0.3273	0.4036	0.318	0.3225	0.3105	1.447	0.0527	0.0546		
		
22:00	37.00	0.3644	0.3455	0.3188	0.3283	0.3354	0.3504	0.3518	0.3247	0.3179	0.4391	0.3571	0.0651		
		0.3222	0.3321	0.3669	0.3347	0.3149	0.3187	0.316	0.3348	0.3675	0.3493	0.3437	0.0532		
		0.4014	0.3378	0.3081	0.4013	0.3077	0.3697	0.3282	0.3248	0.3188	0.0431	0.0534	0.0522		
		0.3546	0.3311	0.2982	0.3256	0.3146	0.3316	0.3092	0.3484	0.3132	0.3856	0.0519	0.0529		
		0.3213	0.5477	0.3683	0.3449	0.4319	0.2905	0.3382	0.3738	0.3254	0.7657	0.0529	0.0533		
		0.3422	0.3322	0.3493	0.3437	0.5053	0.311	0.5796	0.3544	0.3283	1.0639	0.0575	0.0517		
		0.3216	0.4449	0.3831	0.3398	0.3488	0.3237	0.4877	0.3509	0.3094	1.3528	0.0526	0.052		
		0.4206	1.1004	0.341	0.3259	0.3304	0.4122	0.3219	0.3267	0.3154	1.4487	0.0527	0.0544		
		
23:00	37.00	0.368	0.3481	0.3206	0.3316	0.3385	0.352	0.3557	0.325	0.3203	0.4469	0.3565	0.0647		
		0.3235	0.336	0.3692	0.3357	0.3156	0.3212	0.3202	0.3384	0.3711	0.3544	0.3472	0.0534		
		0.404	0.338	0.3108	0.4019	0.3094	0.3726	0.3307	0.3258	0.3201	0.0431	0.0535	0.0523		
		0.3626	0.3325	0.2977	0.3293	0.3142	0.3336	0.3115	0.3526	0.3158	0.3855	0.052	0.0529		
		0.3221	0.5584	0.3701	0.3482	0.4395	0.2919	0.3403	0.3761	0.3293	0.7657	0.053	0.0535		
		0.345	0.3338	0.3508	0.3459	0.5134	0.3128	0.5928	0.3572	0.3301	1.0632	0.0579	0.0517		
		0.3194	0.4448	0.3864	0.3386	0.3317	0.3257	0.4986	0.3518	0.313	1.3529	0.0528	0.052		
		0.4259	1.1185	0.3618	0.3286	0.3318	0.4152	0.3236	0.3312	0.3155	1.4466	0.0527	0.0546		
		
24:00	37.00	0.3695	0.3514	0.3191	0.333	0.3402	0.3535	0.3586	0.3269	0.3233	0.4565	0.358	0.0648		
		0.3241	0.3375	0.3749	0.339	0.3233	0.3238	0.322	0.3431	0.3739	0.3586	0.3474	0.0534		
		0.4089	0.3423	0.3075	0.4055	0.3108	0.3764	0.3338	0.3275	0.3225	0.043	0.0534	0.0522		
		0.3666	0.3349	0.2982	0.3296	0.3176	0.3367	0.312	0.3557	0.3188	0.3855	0.0522	0.053		
		0.3227	0.5692	0.372	0.3509	0.4478	0.2924	0.3422	0.3847	0.3303	0.7654	0.0529	0.0535		
		0.3445	0.3359	0.3534	0.3479	0.5223	0.3141	0.6045	0.3597	0.332	1.0628	0.0578	0.0517		
		0.3183	0.4513	0.3928	0.3404	0.3332	0.3297	0.5119	0.3575	0.3152	1.3525	0.0527	0.0521		
		0.4288	1.1389	0.3459	0.3314	0.3345	0.4223	0.3257	0.3333	0.3191	1.4457	0.0527	0.0546		
		
25:00	37.00	0.3713	0.3548	0.3203	0.3335	0.3435	0.3545	0.3632	0.3273	0.3275	0.4658	0.3615	0.0649		
		0.3249	0.3424	0.3777	0.3387	0.323	0.3244	0.3239	0.348	0.377	0.3618	0.3469	0.0533		
		0.4104	0.3448	0.3083	0.4065	0.3138	0.379	0.3361	0.3303	0.3243	0.043	0.0535	0.0522		
		0.3708	0.3379	0.2947	0.3293	0.3181	0.3395	0.3113	0.3586	0.3218	0.3854	0.0521	0.0529		
		0.322	0.5745	0.3749	0.3537	0.4603	0.2899	0.3447	0.3905	0.3324	0.7654	0.053	0.0535		
		0.3472	0.3364	0.3547	0.3493	0.5307	0.3162	0.6162	0.3639	0.3359	1.0631	0.058	0.0517		
		0.3175	0.4557	0.3991	0.3418	0.336	0.3314	0.5212	0.3582	0.3181	1.3519	0.0528	0.0521		
		0.4342	1.1593	0.3483	0.3342	0.3349	0.4288	0.3301	0.3359	0.3214	1.4453	0.0528	0.0546		
		
26:00	37.00	0.374	0.3575	0.3198	0.3343	0.3455	0.3576	0.3684	0.3308	0.3324	0.473	0.3636	0.0652		
		0.3126	0.3439	0.3811	0.344	0.3201	0.3268	0.3257	0.3489	0.3785	0.365	0.3457	0.0532		
		0.4178	0.3496	0.3062	0.4117	0.3156	0.3851	0.3396	0.3345	0.3248	0.043	0.0535	0.0522		
		0.3745	0.3397	0.2938	0.3306	0.3192	0.3411	0.3145	0.3604	0.324	0.3856	0.052	0.0528		
		0.3232	0.5871	0.3753	0.3545	0.463	0.2898	0.3478	0.3955	0.3324	0.765	0.053	0.0532		
		0.3448	0.3368	0.3562	0.3492	0.5358	0.3172	0.6269	0.3675	0.3342	1.0622	0.0575	0.0516		
		0.3223	0.4601	0.4015	0.3463	0.3405	0.3339	0.5372	0.3621	0.3224	1.3539	0.0528	0.0519		
		0.4388	1.1812	0.3599	0.3386	0.3381	0.4342	0.3332	0.3384	0.3266	1.4436	0.0527	0.0545		
		
27:00	37.00	0.3761	0.3606	0.3208	0.3351	0.3441	0.3592	0.3708	0.3321	0.3342	0.4824	0.3629	0.0649		
		0.3238	0.3451	0.3856	0.3464	0.3238	0.3291	0.3274	0.3533	0.3853	0.3668	0.345	0.0533		
		0.4196	0.3515	0.3079	0.4124	0.3167	0.3874	0.3436	0.3369	0.3251	0.043	0.0534	0.0521		
		0.3825	0.342	0.2994	0.333	0.3205	0.343	0.3182	0.3645	0.3269	0.3866	0.0521	0.053		
		0.325	0.5949	0.376	0.3591	0.4683	0.3063	0.3483	0.4009	0.3331	0.7644	0.0529	0.0535		
		0.3515	0.3403	0.3585	0.3511	0.5437	0.3198	0.6355	0.3717	0.3383	1.0642	0.0577	0.0517		
		0.3182	0.4588	0.4068	0.3471	0.3384	0.336	0.5469	0.3599	0.325	1.3543	0.0527	0.052		
		0.4518	1.1999	0.3501	0.3402	0.3365	0.4379	0.3334	0.3414	0.3248	1.444	0.0526	0.0545		
		
28:00	37.00	0.3784	0.3644	0.3221	0.3362	0.3469	0.3608	0.3734	0.333	0.3363	0.4907	0.3606	0.0648		
		0.3219	0.3463	0.3899	0.347	0.3251	0.332	0.3308	0.3602	0.3878	0.369	0.3456	0.0533		
		0.425	0.3524	0.3125	0.4154	0.3182	0.3933	0.3444	0.3385	0.3213	0.0429	0.0536	0.0522		
		0.3891	0.3439	0.2951	0.3332	0.3217	0.3475	0.3195	0.3678	0.3294	0.3876	0.0522	0.0529		
		0.3252	0.6033	0.378	0.3609	0.4763	0.3076	0.3479	0.4095	0.3335	0.7648	0.053	0.0536		
		0.3495	0.3413	0.3615	0.3524	0.5504	0.3222	0.6431	0.3753	0.3397	1.0639	0.0581	0.0516		
		0.3188	0.4623	0.4113	0.3493	0.3423	0.3373	0.554	0.362	0.3269	1.3547	0.0528	0.0521		
		0.4499	1.2078	0.353	0.3438	0.3399	0.4405	0.3353	0.3389	0.3177	1.4441	0.0526	0.0546		
		
29:00	37.00	0.3813	0.3683	0.3253	0.3364	0.3454	0.3615	0.3759	0.3357	0.3398	0.5011	0.3551	0.0652		
		0.3156	0.3471	0.3926	0.351	0.329	0.332	0.3314	0.3618	0.3894	0.3688	0.3391	0.0532		
		0.4332	0.3553	0.3151	0.4193	0.3193	0.3965	0.3485	0.3435	0.3144	0.0428	0.0535	0.0522		
		0.3927	0.3461	0.3014	0.3328	0.3222	0.35	0.3183	0.37	0.3305	0.3872	0.0519	0.0528		
		0.3276	0.6133	0.3785	0.3642	0.5012	0.3142	0.3442	0.4129	0.3338	0.7642	0.0529	0.0532		
		0.3527	0.3412	0.3631	0.352	0.5561	0.323	0.6482	0.3775	0.3383	1.0645	0.0574	0.0516		
		0.3252	0.4656	0.4168	0.3535	0.3428	0.3379	0.5659	0.3681	0.328	1.3565	0.0527	0.052		
		0.4608	1.225	0.3573	0.3477	0.3378	0.4498	0.3394	0.3442	0.3226	1.4439	0.0527	0.0545		
		
30:00	37.00	0.3843	0.3702	0.3256	0.3386	0.3491	0.3635	0.375	0.3351	0.3422	0.509	0.3559	0.0648		
		0.3221	0.3531	0.3971	0.3529	0.3296	0.3332	0.3348	0.3624	0.3947	0.3701	0.3431	0.0532		
		0.4332	0.3548	0.309	0.4185	0.3185	0.3966	0.3517	0.345	0.3071	0.0426	0.0535	0.0522		
		0.3969	0.3453	0.3057	0.336	0.3238	0.3511	0.3225	0.3732	0.3331	0.3873	0.052	0.0528		
		0.3248	0.6194	0.3814	0.3653	0.4883	0.3199	0.3353	0.4196	0.3347	0.7644	0.053	0.0534		
		0.3562	0.3464	0.3641	0.3559	0.5649	0.3246	0.652	0.3792	0.3375	1.0656	0.0578	0.0517		
		0.3212	0.469	0.415	0.3524	0.3468	0.3356	0.5707	0.3704	0.3305	1.3555	0.0527	0.052		
		0.4683	1.2364	0.3575	0.3491	0.3368	0.4518	0.3393	0.3469	0.3186	1.4442	0.0527	0.0545		
		
31:00	37.00	0.3864	0.3738	0.3247	0.3376	0.3422	0.3649	0.3763	0.3326	0.3425	0.5184	0.3514	0.0648		
		0.3156	0.3541	0.4012	0.3544	0.3316	0.3355	0.3371	0.3635	0.3978	0.3684	0.3496	0.0533		
		0.4346	0.3572	0.3082	0.4205	0.317	0.3975	0.3544	0.3473	0.3381	0.0427	0.0535	0.0522		
		0.3938	0.3465	0.3009	0.3343	0.3274	0.3523	0.3231	0.3772	0.334	0.3874	0.0522	0.0529		
		0.3273	0.6279	0.3812	0.3664	0.4917	0.3194	0.3439	0.4205	0.3255	0.7635	0.0529	0.0535		
		0.3587	0.3459	0.3674	0.3565	0.5686	0.3239	0.6616	0.3746	0.3362	1.0655	0.0581	0.0516		
		0.322	0.4727	0.4218	0.353	0.349	0.3317	0.5743	0.3657	0.3297	1.3562	0.0527	0.052		
		0.4708	1.2502	0.3562	0.3499	0.3352	0.4519	0.3348	0.3423	0.3175	1.4419	0.0527	0.0546		
		
32:00	37.00	0.3866	0.3833	0.328	0.3369	0.346	0.3669	0.3747	0.3334	0.3419	0.5282	0.3446	0.0649		
		0.3201	0.3566	0.4049	0.3561	0.3301	0.3376	0.3396	0.3627	0.4029	0.3665	0.3462	0.0532		
		0.4391	0.3567	0.3091	0.419	0.3134	0.3958	0.3567	0.3473	0.3348	0.0427	0.0535	0.0521		
		0.3959	0.3516	0.3061	0.3345	0.3275	0.3531	0.3266	0.3789	0.3345	0.3873	0.0521	0.0529		
		0.3282	0.6417	0.3838	0.3674	0.4924	0.3209	0.3517	0.4229	0.3222	0.7627	0.0529	0.0535		
		0.3597	0.3474	0.3667	0.3581	0.5735	0.3209	0.6715	0.3658	0.3317	1.0659	0.0578	0.0517		
		0.3267	0.4793	0.4237	0.3555	0.3433	0.3258	0.5801	0.3719	0.3285	1.3585	0.0527	0.052		
		0.4817	1.2614	0.3568	0.3521	0.3322	0.454	0.335	0.3386	0.3201	1.4406	0.0527	0.0546		
		
33:00	37.00	0.3912	0.3937	0.3285	0.3369	0.3437	0.37	0.3738	0.329	0.3411	0.5365	0.3388	0.0649		
		0.3193	0.3573	0.406	0.3585	0.3326	0.339	0.3407	0.3579	0.4041	0.3694	0.3539	0.0534		
		0.4433	0.3576	0.3118	0.4219	0.3097	0.3961	0.359	0.3467	0.3552	0.0427	0.0536	0.0522		
		0.4007	0.3566	0.305	0.3352	0.3304	0.3502	0.329	0.3813	0.3318	0.3879	0.0522	0.0529		
		0.3301	0.6501	0.3835	0.3687	0.4938	0.3247	0.3667	0.4221	0.3154	0.7637	0.053	0.0535		
		0.3602	0.3491	0.3674	0.3602	0.5786	0.3191	0.6832	0.3577	0.3275	1.0659	0.0581	0.0517		
		0.3244	0.4839	0.4247	0.356	0.3476	0.3249	0.5814	0.368	0.3251	1.3599	0.0528	0.052		
		0.489	1.2731	0.377	0.3504	0.3307	0.4618	0.3294	0.3356	0.33	1.4405	0.0527	0.0545		
		
34:00	37.00	0.3941	0.3875	0.3294	0.3351	0.3418	0.369	0.3739	0.3286	0.3341	0.5456	0.3313	0.0651		
		0.3169	0.3629	0.4064	0.3597	0.3326	0.3394	0.3404	0.3583	0.4025	0.3655	0.3499	0.0532		
		0.4465	0.3606	0.31	0.4196	0.3062	0.3912	0.3614	0.3433	0.361	0.0428	0.0535	0.0522		
		0.4096	0.3634	0.3029	0.3302	0.3286	0.3444	0.3263	0.3814	0.3272	0.3879	0.0521	0.0528		
		0.3307	0.665	0.3831	0.3697	0.5025	0.3275	0.381	0.4218	0.3139	0.7653	0.0529	0.0534		
		0.3625	0.3449	0.3683	0.3641	0.5803	0.3167	0.6947	0.3581	0.323	1.065	0.0579	0.0517		
		0.3246	0.4891	0.4247	0.3608	0.3532	0.3248	0.5982	0.374	0.3249	1.3612	0.0527	0.052		
		0.5022	1.2865	0.3676	0.347	0.33	0.4668	0.3278	0.3323	0.3501	1.4407	0.0528	0.0546		
		
35:00	37.00	0.3991	0.388	0.3295	0.3341	0.343	0.3742	0.3774	0.3269	0.3262	0.5553	0.3265	0.0648		
		0.3213	0.365	0.4078	0.3601	0.3335	0.3405	0.3376	0.3613	0.407	0.3765	0.3659	0.0533		
		0.4538	0.3655	0.3205	0.4215	0.3056	0.3915	0.3621	0.3408	0.3502	0.0427	0.0535	0.0523		
		0.4067	0.3721	0.3105	0.3321	0.3305	0.3407	0.3326	0.3809	0.3162	0.3883	0.0522	0.0529		
		0.3286	0.6779	0.3836	0.368	0.5041	0.3304	0.3906	0.4197	0.3252	0.7658	0.0529	0.0535		
		0.3592	0.3467	0.3719	0.3671	0.5884	0.3117	0.7063	0.3596	0.3222	1.0683	0.0579	0.0516		
		0.3287	0.4928	0.4273	0.357	0.349	0.3321	0.6046	0.3642	0.3234	1.3601	0.0527	0.0521		
		0.518	1.3011	0.3739	0.3461	0.3241	0.4815	0.3328	0.3282	0.3589	1.4435	0.0527	0.0546		
		
36:00	37.00	0.4048	0.3931	0.3282	0.3303	0.3428	0.3761	0.3812	0.3232	0.3114	0.5643	0.3313	0.0647		
		0.3224	0.3646	0.4041	0.3623	0.3302	0.3383	0.3357	0.3736	0.4071	0.3819	0.3717	0.0532		
		0.4538	0.3722	0.3043	0.4175	0.2977	0.3927	0.3647	0.3395	0.3656	0.0427	0.0535	0.0522		
		0.4079	0.3802	0.302	0.3304	0.3298	0.3408	0.3325	0.3811	0.308	0.3891	0.0522	0.0529		
		0.3298	0.6852	0.3815	0.3661	0.5143	0.3327	0.393	0.4257	0.314	0.7659	0.053	0.0535		
		0.3614	0.3456	0.3736	0.3629	0.5864	0.3095	0.7162	0.3697	0.3215	1.068	0.0579	0.0517		
		0.3282	0.4982	0.4282	0.3591	0.3476	0.3377	0.6175	0.355	0.3212	1.3584	0.0527	0.0521		
		0.531	1.3102	0.4156	0.3409	0.3195	0.4811	0.3337	0.3255	0.354	1.4399	0.0526	0.0546		
		
37:00	37.00	0.4119	0.3973	0.3287	0.3297	0.3397	0.3775	0.3834	0.3217	0.3118	0.5734	0.3372	0.0648		
		0.3187	0.365	0.405	0.3618	0.3307	0.3367	0.3339	0.3767	0.4081	0.3845	0.3764	0.0532		
		0.4634	0.3753	0.3108	0.4179	0.2992	0.3906	0.363	0.3368	0.3638	0.0427	0.0535	0.0521		
		0.4169	0.3851	0.3083	0.3282	0.3286	0.3448	0.328	0.3788	0.2982	0.3901	0.052	0.0529		
		0.3304	0.6931	0.3836	0.3654	0.5245	0.3369	0.3878	0.4298	0.3177	0.7662	0.0529	0.0534		
		0.354	0.3393	0.3724	0.3637	0.5968	0.3057	0.7277	0.3817	0.3158	1.0687	0.0577	0.0516		
		0.3361	0.5053	0.4267	0.357	0.3431	0.345	0.6341	0.3619	0.3317	1.3609	0.0527	0.052		
		0.5404	1.3207	0.3867	0.3447	0.3278	0.4937	0.3441	0.3251	0.354	1.4394	0.0527	0.0545		
		
38:00	37.00	0.4193	0.4015	0.3333	0.3272	0.3437	0.3738	0.3842	0.3176	0.3169	0.5834	0.3374	0.0649		
		0.3193	0.3608	0.413	0.3644	0.3302	0.3341	0.3343	0.3818	0.4165	0.3929	0.3861	0.0533		
		0.4679	0.3829	0.3112	0.4184	0.296	0.3936	0.3623	0.3371	0.3679	0.0427	0.0535	0.0522		
		0.4147	0.3908	0.3018	0.3289	0.3291	0.3606	0.3345	0.379	0.3037	0.3902	0.0522	0.0529		
		0.3297	0.7022	0.3839	0.3629	0.5348	0.3405	0.3925	0.4328	0.3062	0.7666	0.0529	0.0535		
		0.3509	0.3416	0.3685	0.3654	0.5993	0.3014	0.738	0.3917	0.312	1.0693	0.0581	0.0516		
		0.3364	0.5106	0.4257	0.3534	0.3404	0.3637	0.6471	0.3622	0.3348	1.3624	0.0528	0.052		
		0.5553	1.3404	0.3906	0.3344	0.3278	0.5003	0.3516	0.3198	0.3489	1.4379	0.0527	0.0545		
		
39:00	37.00	0.4234	0.4034	0.3344	0.3254	0.3407	0.3725	0.3854	0.3165	0.3353	0.5923	0.3462	0.0646		
		0.3197	0.3623	0.4159	0.3649	0.3337	0.3344	0.3318	0.3878	0.4223	0.3946	0.3908	0.0533		
		0.4749	0.3847	0.31	0.4147	0.2974	0.3903	0.3603	0.3337	0.367	0.0427	0.0536	0.0522		
		0.4284	0.396	0.3057	0.3292	0.3236	0.3611	0.3342	0.3757	0.3182	0.39	0.0522	0.0529		
		0.3282	0.7069	0.3839	0.3651	0.5461	0.3432	0.3935	0.4425	0.3182	0.7665	0.053	0.0535		
		0.3501	0.3426	0.3641	0.3716	0.6087	0.3037	0.7464	0.4098	0.3059	1.069	0.0581	0.0516		
		0.336	0.5186	0.4246	0.3565	0.3294	0.3726	0.6593	0.3616	0.3389	1.3628	0.0527	0.052		
		0.5668	1.3574	0.3993	0.3507	0.3271	0.5061	0.3619	0.3147	0.3531	1.4396	0.0527	0.0545		
		
40:00	37.00	0.4338	0.4076	0.339	0.3217	0.3395	0.3676	0.3915	0.31	0.3435	0.6011	0.3527	0.0646		
		0.3192	0.3686	0.4247	0.3644	0.333	0.3287	0.3311	0.4035	0.426	0.3982	0.3968	0.0532		
		0.4871	0.3871	0.3109	0.4166	0.2938	0.3923	0.3581	0.3331	0.3712	0.0427	0.0536	0.0521		
		0.4322	0.4108	0.3027	0.3238	0.3241	0.3731	0.336	0.373	0.3333	0.3899	0.0522	0.0529		
		0.3259	0.7127	0.3849	0.3638	0.5527	0.3462	0.3983	0.4522	0.3125	0.7677	0.053	0.0536		
		0.3526	0.3447	0.3647	0.3788	0.6196	0.2995	0.7554	0.422	0.3077	1.0707	0.058	0.0516		
		0.3459	0.5281	0.4215	0.3551	0.3229	0.3865	0.674	0.3659	0.347	1.3616	0.0527	0.052		
		0.5789	1.3753	0.4169	0.3478	0.333	0.518	0.3706	0.3093	0.3575	1.4366	0.0527	0.0546		
		
41:00	37.00	0.4411	0.4106	0.3409	0.3276	0.3364	0.3619	0.3929	0.3034	0.3487	0.6105	0.359	0.0646		
		0.3183	0.3734	0.4333	0.363	0.3326	0.3249	0.3292	0.424	0.4327	0.4032	0.4013	0.0533		
		0.4953	0.3844	0.3071	0.4153	0.2948	0.394	0.3566	0.3305	0.3723	0.0427	0.0535	0.0523		
		0.4362	0.4058	0.302	0.3213	0.3192	0.3969	0.3355	0.3755	0.3535	0.3898	0.0522	0.0529		
		0.3308	0.7161	0.3874	0.3578	0.5633	0.35	0.4015	0.4646	0.3113	0.7679	0.053	0.0536		
		0.3543	0.3501	0.3702	0.3891	0.6274	0.2954	0.7646	0.4439	0.3108	1.0711	0.0581	0.0516		
		0.3514	0.5346	0.4232	0.3547	0.3311	0.3908	0.6868	0.3799	0.3464	1.3612	0.0528	0.0522		
		0.5914	1.3924	0.4168	0.3517	0.3383	0.5269	0.3868	0.3061	0.3588	1.4368	0.0527	0.0546		
		
42:00	37.00	0.4497	0.4139	0.347	0.3337	0.3372	0.3559	0.3988	0.3022	0.3596	0.6199	0.3635	0.0648		
		0.3178	0.3785	0.449	0.3665	0.3331	0.3227	0.3294	0.4331	0.439	0.4069	0.4071	0.0533		
		0.5028	0.3973	0.3032	0.4151	0.293	0.3964	0.3559	0.3269	0.3771	0.0426	0.0535	0.0523		
		0.4405	0.4037	0.3031	0.319	0.313	0.4108	0.3382	0.3818	0.3703	0.3896	0.0522	0.053		
		0.3371	0.7132	0.3945	0.3561	0.569	0.3524	0.4046	0.4747	0.3255	0.7683	0.053	0.0535		
		0.3634	0.3587	0.3832	0.4004	0.6374	0.2939	0.7766	0.4511	0.3139	1.0711	0.0579	0.0516		
		0.3568	0.5406	0.429	0.349	0.3341	0.3842	0.6984	0.379	0.3537	1.3605	0.0527	0.0521		
		0.6034	1.4041	0.4284	0.36	0.347	0.5332	0.3997	0.3106	0.3628	1.4373	0.0527	0.0545		
		
43:00	37.00	0.4587	0.4183	0.3543	0.3392	0.3329	0.3522	0.4021	0.2923	0.3761	0.6286	0.3696	0.0648		
		0.3266	0.385	0.4613	0.3711	0.3315	0.3193	0.3266	0.4286	0.4439	0.4112	0.4112	0.0533		
		0.5093	0.417	0.3198	0.4248	0.2979	0.3958	0.3495	0.3176	0.3793	0.0426	0.0535	0.0522		
		0.4485	0.4087	0.3118	0.3175	0.3037	0.4085	0.3478	0.3893	0.3787	0.3897	0.0522	0.0529		
		0.3504	0.7176	0.4015	0.3616	0.577	0.3564	0.4089	0.4867	0.3298	0.768	0.053	0.0535		
		0.3877	0.3652	0.4083	0.4054	0.6505	0.3019	0.7917	0.4458	0.3217	1.0717	0.0581	0.0516		
		0.3613	0.5509	0.4355	0.3501	0.3391	0.3814	0.7038	0.3827	0.3731	1.3605	0.0527	0.052		
		0.6123	1.4436	0.4255	0.3747	0.3535	0.5374	0.3941	0.3233	0.3651	1.4397	0.0527	0.0545		
		
44:00	37.00	0.4665	0.4218	0.36	0.3474	0.335	0.36	0.4128	0.2951	0.3834	0.6375	0.3747	0.0648		
		0.3288	0.3898	0.4668	0.3719	0.3291	0.3102	0.3254	0.4262	0.4458	0.4267	0.4128	0.0533		
		0.5116	0.4188	0.3098	0.4283	0.2919	0.3989	0.349	0.3285	0.3811	0.0427	0.0535	0.0522		
		0.4589	0.413	0.3135	0.3118	0.3158	0.4036	0.3469	0.3949	0.3816	0.3895	0.0522	0.053		
		0.357	0.7242	0.4137	0.3715	0.5852	0.3598	0.4132	0.4928	0.3426	0.7678	0.0529	0.0535		
		0.3957	0.3731	0.4124	0.4065	0.6547	0.3031	0.8056	0.4486	0.3235	1.071	0.0579	0.0517		
		0.3687	0.5597	0.434	0.3491	0.3393	0.386	0.7175	0.3868	0.3805	1.3598	0.0527	0.0521		
		0.6248	1.4869	0.4193	0.3814	0.359	0.5408	0.3894	0.3276	0.3689	1.4391	0.0528	0.0545		
		
45:00	37.00	0.4759	0.4265	0.3667	0.3542	0.338	0.3642	0.4132	0.2924	0.3841	0.6462	0.3767	0.0648		
		0.3362	0.392	0.4547	0.3729	0.3321	0.31	0.315	0.4275	0.4507	0.4403	0.4176	0.0533		
		0.5324	0.4256	0.3063	0.4365	0.2939	0.4021	0.3486	0.316	0.3848	0.0426	0.0535	0.0522		
		0.465	0.4075	0.3198	0.3109	0.3072	0.4083	0.3521	0.4012	0.3847	0.3894	0.0522	0.0529		
		0.3797	0.7359	0.4183	0.3796	0.5927	0.3629	0.4161	0.5022	0.3469	0.7678	0.053	0.0536		
		0.4146	0.3811	0.4259	0.4136	0.6675	0.3108	0.8217	0.4499	0.3304	1.0708	0.0579	0.0517		
		0.3776	0.5691	0.4489	0.3576	0.3495	0.3905	0.7234	0.3932	0.3612	1.3591	0.0527	0.0521		
		0.6378	1.471	0.4291	0.3971	0.3668	0.543	0.3882	0.3363	0.3721	1.439	0.0527	0.0546		
		
46:00	37.00	0.4823	0.4293	0.3702	0.3582	0.3479	0.3715	0.4186	0.299	0.3852	0.6555	0.3827	0.0648		
		0.3441	0.4048	0.4677	0.3823	0.3341	0.3144	0.3138	0.4354	0.4574	0.4423	0.4351	0.0533		
		0.5476	0.4262	0.3132	0.4517	0.3114	0.4066	0.349	0.3379	0.3916	0.0427	0.0535	0.0522		
		0.4765	0.4122	0.3248	0.3108	0.3187	0.411	0.3616	0.4136	0.38	0.3895	0.0523	0.053		
		0.3957	0.743	0.4261	0.3874	0.5951	0.3661	0.4193	0.5081	0.3594	0.7679	0.053	0.0535		
		0.43	0.3917	0.4347	0.4135	0.6788	0.3164	0.8443	0.4542	0.3373	1.0708	0.058	0.0517		
		0.3883	0.576	0.4578	0.3577	0.3515	0.3915	0.7325	0.4083	0.3833	1.3601	0.0527	0.052		
		0.6544	1.446	0.4193	0.4014	0.3762	0.5391	0.3885	0.3525	0.3739	1.4395	0.0527	0.0545		
		
47:00	37.00	0.4881	0.4315	0.3765	0.3619	0.3552	0.3804	0.4248	0.2967	0.3883	0.6628	0.3923	0.065		
		0.3431	0.4227	0.468	0.3854	0.3399	0.3212	0.3146	0.4356	0.4595	0.4369	0.4376	0.0532		
		0.5485	0.4262	0.3227	0.4532	0.3017	0.4068	0.3481	0.336	0.3932	0.0426	0.0535	0.0522		
		0.4779	0.412	0.3259	0.3166	0.3164	0.4111	0.3636	0.4194	0.3937	0.3895	0.0522	0.0529		
		0.4027	0.7566	0.433	0.3934	0.5967	0.369	0.4242	0.518	0.3648	0.7679	0.0528	0.0533		
		0.4372	0.3984	0.4381	0.4269	0.6898	0.3244	0.8622	0.459	0.3422	1.0707	0.0578	0.0515		
		0.3913	0.5821	0.467	0.3643	0.354	0.3939	0.7455	0.4237	0.3777	1.36	0.0526	0.0519		
		0.6699	1.4257	0.4196	0.4129	0.3818	0.5329	0.391	0.3653	0.3779	1.4387	0.0527	0.0545		
		
48:00	37.00	0.4992	0.4358	0.384	0.3669	0.3619	0.3857	0.4285	0.2975	0.3881	0.6724	0.3966	0.0648		
		0.3491	0.4284	0.4695	0.3893	0.3404	0.3277	0.3169	0.4401	0.47	0.4366	0.4175	0.0533		
		0.5512	0.4284	0.3361	0.4422	0.3102	0.4059	0.3522	0.3402	0.3954	0.0427	0.0536	0.0522		
		0.4865	0.4169	0.3317	0.327	0.3114	0.4144	0.3668	0.4275	0.3938	0.3893	0.0522	0.053		
		0.3992	0.7668	0.4441	0.4017	0.5985	0.3723	0.4267	0.5226	0.3707	0.7676	0.0529	0.0535		
		0.4419	0.4035	0.4419	0.4305	0.6946	0.3244	0.8876	0.4637	0.3391	1.0698	0.0581	0.0516		
		0.3968	0.5946	0.4732	0.3662	0.364	0.3969	0.7467	0.4291	0.3752	1.3583	0.0527	0.052		
		0.6618	1.415	0.427	0.4284	0.3845	0.5312	0.3921	0.374	0.3798	1.4376	0.0528	0.0546		
		
49:00	37.00	0.5061	0.4423	0.3833	0.3745	0.3731	0.3934	0.434	0.3011	0.392	0.6807	0.4251	0.0646		
		0.36	0.4268	0.4747	0.3902	0.3505	0.3359	0.3172	0.447	0.4762	0.4379	0.4167	0.0533		
		0.56	0.4308	0.349	0.4528	0.3185	0.411	0.3594	0.3268	0.397	0.0427	0.0536	0.0523		
		0.4935	0.4183	0.3368	0.3365	0.3174	0.4171	0.3704	0.4316	0.3886	0.3891	0.0523	0.0529		
		0.4023	0.7753	0.4516	0.4108	0.6049	0.3762	0.4312	0.5301	0.3784	0.7672	0.053	0.0535		
		0.4499	0.4142	0.4362	0.4222	0.7036	0.3289	0.925	0.4684	0.3435	1.0694	0.0581	0.0516		
		0.4027	0.6015	0.4816	0.3732	0.3685	0.4002	0.7578	0.4391	0.3763	1.3591	0.0527	0.0521		
		0.6584	1.4098	0.4302	0.4373	0.392	0.5362	0.3944	0.3824	0.3826	1.4368	0.0527	0.0546		
		
50:00	37.00	0.5113	0.445	0.387	0.3788	0.3806	0.3979	0.4405	0.3089	0.3925	0.689	0.4484	0.0648		
		0.3732	0.4231	0.481	0.3939	0.3547	0.3403	0.324	0.4492	0.4785	0.4434	0.4268	0.0533		
		0.5736	0.433	0.3552	0.4592	0.3226	0.4179	0.3682	0.3241	0.4028	0.0427	0.0536	0.0522		
		0.5057	0.4226	0.3424	0.345	0.3205	0.4208	0.3743	0.4369	0.3865	0.3892	0.0522	0.0529		
		0.409	0.7862	0.4573	0.4166	0.61	0.3788	0.4352	0.5314	0.3853	0.7669	0.0529	0.0535		
		0.4533	0.4201	0.4437	0.4295	0.7146	0.3371	0.9526	0.4726	0.3464	1.069	0.058	0.0516		
		0.4092	0.6065	0.4912	0.3774	0.3734	0.4036	0.78	0.4455	0.3801	1.3602	0.0528	0.052		
		0.6604	1.4057	0.4328	0.4282	0.3997	0.5423	0.3983	0.4129	0.3854	1.4368	0.0528	0.0546		
		
51:00	37.00	0.5219	0.4481	0.3943	0.3863	0.3919	0.4095	0.4441	0.322	0.3968	0.6969	0.4471	0.0649		
		0.3939	0.4228	0.4848	0.3977	0.357	0.348	0.3459	0.452	0.474	0.4432	0.4285	0.0533		
		0.5851	0.4383	0.3517	0.4813	0.3285	0.4278	0.3825	0.3335	0.4053	0.0427	0.0536	0.0523		
		0.5111	0.4262	0.3517	0.354	0.3469	0.4265	0.3765	0.4441	0.3868	0.3892	0.0522	0.0529		
		0.4202	0.7976	0.4661	0.4183	0.6159	0.3824	0.439	0.5335	0.3953	0.7672	0.0529	0.0534		
		0.4639	0.4284	0.4481	0.4259	0.7296	0.3446	0.9602	0.4767	0.3478	1.0685	0.0578	0.0516		
		0.4172	0.615	0.4982	0.384	0.3816	0.4054	0.7936	0.434	0.382	1.3632	0.0528	0.0521		
		0.6633	1.4048	0.4443	0.427	0.4037	0.5485	0.4009	0.3948	0.3895	1.4376	0.0527	0.0546		
		
52:00	37.00	0.5292	0.4515	0.3991	0.3925	0.3914	0.4084	0.4507	0.3292	0.3994	0.7048	0.439	0.0647		
		0.4003	0.4283	0.4897	0.4019	0.3594	0.3508	0.3433	0.456	0.4704	0.4483	0.433	0.0533		
		0.5904	0.4413	0.367	0.4665	0.3474	0.4405	0.3937	0.3302	0.4077	0.0427	0.0536	0.0522		
		0.5195	0.4306	0.3536	0.3557	0.3482	0.4289	0.3798	0.4387	0.3898	0.389	0.0522	0.053		
		0.4253	0.8089	0.4752	0.4264	0.6236	0.3859	0.4431	0.5361	0.3922	0.7672	0.053	0.0536		
		0.464	0.4412	0.4441	0.4233	0.7529	0.3542	0.968	0.4826	0.3521	1.0677	0.0579	0.0516		
		0.4245	0.6242	0.5038	0.3967	0.3817	0.4094	0.8202	0.4377	0.3848	1.363	0.0527	0.052		
		0.6701	1.4047	0.4372	0.4265	0.4156	0.5539	0.4043	0.3937	0.3932	1.4371	0.0527	0.0546		
		
53:00	37.00	0.5421	0.4556	0.4141	0.3993	0.4049	0.4232	0.4559	0.3414	0.4028	0.7126	0.437	0.0648		
		0.4143	0.4308	0.4945	0.4078	0.3638	0.357	0.3613	0.4621	0.4758	0.4535	0.4361	0.0533		
		0.599	0.4455	0.3757	0.4847	0.3573	0.4519	0.407	0.3398	0.4114	0.0427	0.0536	0.0522		
		0.5222	0.4341	0.3603	0.3639	0.3575	0.4326	0.3833	0.4456	0.3935	0.3888	0.0522	0.0529		
		0.4169	0.8196	0.4813	0.4384	0.6332	0.3891	0.4471	0.5409	0.401	0.7674	0.053	0.0535		
		0.4537	0.4524	0.4384	0.4253	0.7701	0.3603	0.9782	0.4884	0.3952	1.0675	0.058	0.0516		
		0.4434	0.6339	0.5112	0.4088	0.4079	0.4131	0.8594	0.4398	0.388	1.3634	0.0527	0.052		
		0.6795	1.4044	0.4402	0.43	0.431	0.5609	0.4076	0.3947	0.3962	1.437	0.0527	0.0546		
		
54:00	37.00	0.5459	0.4601	0.4218	0.4039	0.4151	0.442	0.4635	0.3523	0.4055	0.7211	0.4405	0.0647		
		0.4275	0.4382	0.4993	0.4137	0.3661	0.3642	0.3787	0.4644	0.4802	0.4573	0.4398	0.0534		
		0.6187	0.4498	0.3736	0.4835	0.3587	0.461	0.4193	0.3379	0.4143	0.0427	0.0536	0.0522		
		0.5279	0.4379	0.3636	0.3671	0.38	0.4353	0.3933	0.4498	0.3979	0.3887	0.0523	0.0529		
		0.4163	0.8283	0.4876	0.4416	0.6419	0.3918	0.4511	0.5468	0.4092	0.7673	0.0529	0.0535		
		0.4464	0.4512	0.4394	0.43	0.7767	0.3674	0.9904	0.4935	0.4152	1.0675	0.0581	0.0516		
		0.4476	0.6439	0.5249	0.4066	0.4363	0.4151	0.8892	0.4415	0.3914	1.3632	0.0528	0.052		
		0.6907	1.4045	0.444	0.4325	0.425	0.5664	0.4096	0.3945	0.3997	1.436	0.0528	0.0546		
		
55:00	37.00	0.5484	0.4655	0.4237	0.4174	0.4263	0.4495	0.4733	0.3565	0.4098	0.7284	0.4471	0.0653		
		0.4296	0.4403	0.5056	0.414	0.376	0.3647	0.3697	0.4701	0.4822	0.46	0.4407	0.0532		
		0.6096	0.4544	0.3817	0.5033	0.3755	0.4785	0.4235	0.3707	0.4179	0.0427	0.0535	0.0522		
		0.5294	0.4417	0.3715	0.3737	0.4037	0.439	0.3877	0.4522	0.4019	0.3887	0.0521	0.0529		
		0.4101	0.8383	0.4994	0.451	0.6498	0.3947	0.4546	0.5525	0.4288	0.7672	0.0529	0.0533		
		0.4498	0.4471	0.4419	0.4331	0.7813	0.3727	1.0017	0.4979	0.411	1.0684	0.0578	0.0516		
		0.4506	0.6502	0.534	0.429	0.4399	0.4194	0.9052	0.4486	0.3945	1.3633	0.0528	0.052		
		0.7013	1.4044	0.4483	0.4363	0.4128	0.5714	0.4133	0.3963	0.4023	1.4349	0.0527	0.0545		
		
56:00	37.00	0.5447	0.4672	0.4211	0.4232	0.4456	0.4482	0.4846	0.3678	0.4129	0.7362	0.4488	0.0652		
		0.4579	0.4458	0.5075	0.4133	0.378	0.3709	0.3785	0.4732	0.4854	0.4636	0.4464	0.0532		
		0.6045	0.4572	0.3903	0.5114	0.3838	0.4896	0.4226	0.3901	0.4206	0.0428	0.0535	0.0522		
		0.5428	0.4462	0.3824	0.3829	0.4149	0.4421	0.394	0.4504	0.4056	0.3888	0.0522	0.0528		
		0.412	0.8478	0.5024	0.4535	0.6615	0.398	0.459	0.558	0.4459	0.7668	0.0529	0.0532		
		0.454	0.4442	0.4471	0.4353	0.7965	0.3886	1.0123	0.5028	0.4121	1.0683	0.0575	0.0516		
		0.4471	0.6537	0.5429	0.449	0.4369	0.4226	0.9196	0.4525	0.3988	1.3632	0.0527	0.052		
		0.7134	1.4046	0.4529	0.4421	0.4062	0.5782	0.4161	0.3998	0.4057	1.4338	0.0526	0.0546		
		
57:00	37.00	0.5403	0.4716	0.4121	0.429	0.4448	0.4484	0.4885	0.3995	0.415	0.7437	0.4526	0.065		
		0.4421	0.4482	0.5143	0.4456	0.3813	0.376	0.3998	0.4779	0.4878	0.4687	0.4526	0.0533		
		0.6076	0.4625	0.3813	0.5207	0.386	0.4987	0.4227	0.4131	0.4239	0.0427	0.0535	0.0522		
		0.5536	0.4493	0.4101	0.385	0.3996	0.4467	0.4088	0.4541	0.4075	0.389	0.0522	0.0529		
		0.4201	0.8563	0.5038	0.458	0.6696	0.4009	0.4616	0.5653	0.4467	0.7677	0.053	0.0534		
		0.4604	0.4422	0.4473	0.436	0.7937	0.4165	1.0239	0.5079	0.4128	1.068	0.0578	0.0516		
		0.4422	0.6573	0.5402	0.4596	0.4317	0.4265	0.9246	0.4559	0.4005	1.3636	0.0527	0.052		
		0.7238	1.404	0.4554	0.4423	0.404	0.5833	0.4191	0.4024	0.4086	1.4358	0.0527	0.0546		
		
58:00	37.00	0.5473	0.4752	0.4183	0.4489	0.4472	0.4502	0.4851	0.4077	0.418	0.7507	0.457	0.0646		
		0.4403	0.4527	0.518	0.4617	0.3855	0.3706	0.4097	0.4824	0.4939	0.4729	0.4579	0.0534		
		0.6131	0.4659	0.3838	0.5357	0.3896	0.5047	0.426	0.4341	0.4274	0.0427	0.0536	0.0522		
		0.5588	0.4529	0.4223	0.3787	0.4087	0.4507	0.4255	0.456	0.4111	0.3889	0.0523	0.0529		
		0.4238	0.8697	0.5146	0.4701	0.6786	0.4043	0.4652	0.5734	0.4488	0.7675	0.0529	0.0535		
		0.4649	0.4365	0.4542	0.4394	0.8098	0.4208	1.039	0.5126	0.4125	1.0681	0.0581	0.0516		
		0.4389	0.6602	0.5418	0.4512	0.4354	0.428	0.9398	0.4584	0.4036	1.3628	0.0527	0.052		
		0.7355	1.4034	0.4579	0.4478	0.4058	0.5882	0.4215	0.4053	0.4108	1.434	0.0527	0.0545		
		
59:00	37.00	0.5516	0.4795	0.4197	0.4474	0.4432	0.4503	0.474	0.4096	0.4215	0.7573	0.4614	0.0648		
		0.4385	0.4554	0.5243	0.4613	0.3877	0.3837	0.4174	0.488	0.4991	0.4779	0.4606	0.0534		
		0.622	0.4699	0.4079	0.5431	0.4161	0.5159	0.4287	0.428	0.4297	0.0427	0.0535	0.0522		
		0.5591	0.4575	0.4226	0.3937	0.4112	0.4544	0.4318	0.4607	0.4148	0.3888	0.0522	0.0529		
		0.4243	0.8766	0.5321	0.4909	0.6877	0.4076	0.4688	0.5808	0.4482	0.7674	0.053	0.0535		
		0.4686	0.4404	0.4594	0.4439	0.824	0.4099	1.0482	0.5179	0.4145	1.0679	0.0579	0.0517		
		0.4451	0.6668	0.5472	0.4537	0.4375	0.4333	0.955	0.4633	0.4071	1.3625	0.0527	0.052		
		0.7458	1.4019	0.4621	0.4514	0.4065	0.5936	0.4255	0.4082	0.4141	1.4347	0.0526	0.0546		
		
1:00:00	37.00	0.5583	0.4835	0.4217	0.4469	0.4485	0.4517	0.4756	0.4127	0.4246	0.7641	0.464	0.0651		
		0.4374	0.4606	0.5289	0.4605	0.396	0.4162	0.4172	0.4925	0.5028	0.4808	0.4669	0.0532		
		0.6338	0.4746	0.4125	0.5526	0.4149	0.5336	0.4295	0.4205	0.4336	0.0427	0.0536	0.0522		
		0.5598	0.4612	0.4211	0.4194	0.4081	0.4584	0.4287	0.4639	0.4189	0.3886	0.0522	0.0529		
		0.4291	0.8874	0.5334	0.5013	0.6979	0.4108	0.4734	0.5854	0.4483	0.7674	0.053	0.0533		
		0.4723	0.4428	0.4619	0.448	0.847	0.4149	1.0653	0.5234	0.4158	1.0673	0.0577	0.0516		
		0.4481	0.6745	0.5518	0.4527	0.4355	0.4373	0.973	0.4662	0.4105	1.362	0.0526	0.0519		
		0.7572	1.4025	0.4667	0.4581	0.4117	0.5975	0.4288	0.4128	0.418	1.4332	0.0527	0.0545		
		
Time(hh:mm:ss)	Temperature(¡C)	1	2	3	4	5	6	7	8	9	10	11	12		
		4.454416	3.40532	2.048773	1.803644	2.075214	1.943358	3.01771	0.201978	2.141475	8.428652	2.014442	0.00835	
		1.534225	3.107567	3.882639	2.5634	1.503083	0.981962	1.057525	3.849293	3.128752	3.0422	2.542041	NoFit	
		5.381116	3.362406	1.409683	2.583374	1.065241	2.783342	1.634352	1.377036	2.829645	NoFit	0.001437	NoFit	
		4.525537	3.33376	1.187314	0.757827	1.135272	2.863638	2.086124	2.643448	2.5237	0.098312	0.006253	0	
		2.02221	9.712612	2.965426	2.599276	6.852665	2.859965	3.358088	5.375327	2.239281	0.041392	0	NoFit	
		2.631216	2.370873	2.60238	2.41651	8.208271	1.386029	12.281428	3.90258	1.279127	0.093277	-0.00774	NoFit	
		2.444384	5.48698	3.889963	1.923088	1.967329	2.662639	10.685791	2.637462	2.504337	0.282579	NoFit	0	
		7.908831	18.874204	3.264886	2.738424	1.882221	5.162073	2.401433	1.387282	2.618867	-0.600909	0.002105	NoFit	
~End
Group:	Standards	1
Sample	Concentration	Wells	BackConcCalc	Values	MeanValue	Std.Dev.	CV%

Smallest standard value:  

Largest standard value:  

~End
Group:	Controls	1
Sample	Wells	Sample#	Values	MeanValue

~End
Group:	Samples	1
Sample	Wells	Values	Outliers	Result	MeanResult	Std.Dev.	CV%

Outlier - Outside standard range  

~End
